1.02312e-08
8.98548e-08
3.54755e-07
9.75537e-07
2.17715e-06
4.23673e-06
7.47753e-06
1.22718e-05
1.90399e-05
2.82454e-05
4.03935e-05
5.60199e-05
7.57094e-05
0.000100077
0.00012979
0.000165516
0.000207988
0.00025796
0.000316194
0.000383479
0.000460643
0.000548539
0.000648021
0.000760046
0.000885475
0.00102522
0.00118019
0.00135138
0.00153977
0.00174634
0.00197209
0.002218
0.00248508
0.00277437
0.00308689
0.00342371
0.00378581
0.00417426
0.00459004
0.00503427
0.00550789
0.00601194
0.00654735
0.00711512
0.00771629
0.00835192
0.00902293
0.00973031
0.0104751
0.0112582
0.0120806
0.0129432
0.0138471
0.0147932
0.0157821
0.016815
0.0178926
0.0190159
0.0201856
0.0214026
0.0226678
0.023982
0.0253456
0.0267599
0.0282251
0.0297423
0.031312
0.032935
0.0346117
0.036343
0.0381294
0.0399716
0.0418701
0.0438255
0.0458382
0.0479088
0.0500375
0.0522249
0.0544716
0.0567779
0.0591442
0.0615704
0.0640574
0.0666053
0.0692144
0.0718848
0.0746168
0.0774107
0.0802665
0.0831843
0.0861647
0.0892071
0.0923118
0.095479
0.0987087
0.102001
0.105356
0.108773
0.112252
0.115793
0.119397
0.123062
0.126789
0.130577
0.134427
0.138337
0.142308
0.14634
0.150432
0.154583
0.158793
0.163063
0.167391
0.171777
0.176222
0.180724
0.185282
0.189897
0.194567
0.199294
0.204075
0.20891
0.213798
0.21874
0.223734
0.228779
0.233875
0.23902
0.244216
0.24946
0.254751
0.260091
0.265476
0.270906
0.276382
0.2819
0.287462
0.293067
0.298713
0.3044
0.310127
0.315892
0.321695
0.327535
0.333411
0.339322
0.345268
0.351247
0.357259
0.363302
0.369376
0.375479
0.38161
0.387769
0.393955
0.400166
0.406403
0.412663
0.418947
0.425251
0.431577
0.43792
0.444283
0.450663
0.457059
0.463471
0.469898
0.476337
0.482788
0.489251
0.495724
0.502206
0.508697
0.515195
0.5217
0.52821
0.534725
0.541243
0.547763
0.554284
0.560806
0.567327
0.573847
0.580364
0.586876
0.593384
0.599886
0.60638
0.612867
0.619344
0.625811
0.632267
0.638711
0.645141
0.651558
0.657961
0.664347
0.670718
0.67707
0.683404
0.68972
0.696016
0.702292
0.708547
0.714778
0.720988
0.727173
0.733332
0.739466
0.745574
0.751653
0.757704
0.763725
0.769718
0.77568
0.781612
0.787511
0.793378
0.799211
0.805011
0.810776
0.816506
0.8222
0.827857
0.833478
0.839061
0.844606
0.850113
0.85558
0.861006
0.866392
0.871737
0.877039
0.882299
0.887517
0.892691
0.897821
0.902907
0.907948
0.912944
0.917893
0.922796
0.927651
0.93246
0.937221
0.941934
0.946597
0.951211
0.955777
0.960293
0.964759
0.969175
0.973541
0.977856
0.982119
0.986331
0.990493
0.994602
0.998659
1.00267
1.00662
1.01052
1.01437
1.01817
1.02191
1.0256
1.02924
1.03282
1.03636
1.03983
1.04326
1.04663
1.04995
1.05321
1.05642
1.05958
1.06268
1.06573
1.06873
1.07167
1.07456
1.07739
1.08017
1.0829
1.08557
1.08819
1.09075
1.09327
1.09572
1.09813
1.10048
1.10278
1.10502
1.10722
1.10936
1.11145
1.11348
1.11546
1.11739
1.11927
1.1211
1.12288
1.12461
1.12628
1.12791
1.12948
1.13101
1.13248
1.13391
1.13528
1.13661
1.13789
1.13912
1.1403
1.14143
1.14251
1.14354
1.14453
1.14547
1.14637
1.14722
1.14802
1.14878
1.14949
1.15016
1.15078
1.15135
1.15188
1.15237
1.15282
1.15322
1.15358
1.15389
1.15417
1.1544
1.15459
1.15474
1.15485
1.15492
1.15495
1.15494
1.15489
1.1548
1.15468
1.15451
1.15431
1.15407
1.1538
1.15349
1.15314
1.15276
1.15234
1.15189
1.1514
1.15089
1.15034
1.14975
1.14914
1.14849
1.14781
1.1471
1.14636
1.14559
1.14479
1.14396
1.1431
1.14222
1.1413
1.14036
1.13939
1.1384
1.13738
1.13633
1.13526
1.13416
1.13303
1.13189
1.13072
1.12952
1.1283
1.12706
1.1258
1.12451
1.1232
1.12187
1.12052
1.11916
1.11777
1.11636
1.11493
1.11348
1.11202
1.11053
1.10903
1.10751
1.10598
1.10443
1.10286
1.10128
1.09968
1.09806
1.09644
1.09479
1.09314
1.09147
1.08979
1.0881
1.08639
1.08467
1.08294
1.0812
1.07945
1.07769
1.07592
1.07413
1.07234
1.07054
1.06873
1.06691
1.06508
1.06324
1.0614
1.05955
1.05769
1.05582
1.05395
1.05208
1.05019
1.04831
1.04641
1.04452
1.04262
1.04071
1.0388
1.03689
1.03497
1.03306
1.03113
1.02921
1.02728
1.02536
1.02343
1.0215
1.01956
1.01763
1.01569
1.01375
1.01181
1.00987
1.00794
1.006
1.00406
1.00212
1.00019
0.99825
0.996317
0.994385
0.992455
0.990527
0.988602
0.986679
0.98476
0.982843
0.98093
0.979022
0.977117
0.975216
0.973318
0.971423
0.969533
0.967646
0.965763
0.963884
0.96201
0.960141
0.958278
0.95642
0.954569
0.952724
0.950885
0.949051
0.947225
0.945403
0.943588
0.941778
0.939975
0.938178
0.93639
0.934607
0.932833
0.931065
0.929304
0.92755
0.925803
0.924064
0.922334
0.920612
0.918899
0.917194
0.915499
0.913811
0.912134
0.910464
0.908804
0.907152
0.905508
0.903873
0.902248
0.900633
0.899028
0.897432
0.895845
0.894267
0.892699
0.89114
0.889591
0.888052
0.886522
0.885001
0.88349
0.88199
0.8805
0.879019
0.877549
0.876089
0.874641
0.873203
0.871776
0.870359
0.868953
0.867557
0.866173
0.864798
0.863434
0.86208
0.860736
0.859403
0.858081
0.856769
0.855469
0.854179
0.852901
0.851635
0.85038
0.849136
0.847903
0.846682
0.84547
0.84427
0.843079
0.841898
0.840728
0.83957
0.838422
0.837285
0.83616
0.835047
0.833944
0.832852
0.831772
0.830701
0.829642
0.828594
0.827557
0.82653
0.825514
0.824509
0.823515
0.822533
0.821561
0.820601
0.819652
0.818714
0.817788
0.816872
0.815968
0.815074
0.814193
0.813322
0.812462
0.811612
0.810774
0.809947
0.809131
0.808327
0.807533
0.80675
0.805977
0.805214
0.804461
0.803717
0.802983
0.80226
0.801546
0.800843
0.800149
0.799466
0.798792
0.798128
0.797474
0.796829
0.796195
0.795571
0.794957
0.794352
0.793757
0.793173
0.792599
0.792034
0.791479
0.790934
0.790397
0.789869
0.789351
0.788844
0.788346
0.787858
0.787379
0.786908
0.786447
0.785994
0.785551
0.785117
0.784691
0.784275
0.783867
0.783468
0.783077
0.782694
0.782319
0.781954
0.781597
0.781249
0.780911
0.78058
0.780258
0.779944
0.779638
0.779341
0.779053
0.778772
0.778499
0.778235
0.777979
0.77773
0.777489
0.777255
0.777029
0.77681
0.7766
0.776397
0.776202
0.776014
0.775834
0.77566
0.775494
0.775336
0.775184
0.775039
0.774901
0.77477
0.774646
0.774529
0.77442
0.774318
0.774223
0.774135
0.774052
0.773977
0.773907
0.773843
0.773786
0.773735
0.77369
0.773651
0.773619
0.773593
0.773572
0.773558
0.773551
0.773548
0.773552
0.773562
0.773577
0.773599
0.773627
0.77366
0.7737
0.773745
0.773797
0.773854
0.773917
0.773986
0.774059
0.774137
0.77422
0.774307
0.774399
0.774495
0.774596
0.774701
0.774811
0.774925
0.775044
0.775167
0.775295
0.775427
0.775562
0.775702
0.775846
0.775993
0.776143
0.776298
0.776456
0.77662
0.776787
0.776959
0.777134
0.777313
0.777496
0.777682
0.777872
0.778065
0.778262
0.778462
0.778665
0.778872
0.779082
0.779293
0.779508
0.779726
0.779948
0.780172
0.780399
0.78063
0.780863
0.7811
0.781339
0.781581
0.781826
0.782073
0.782323
0.782576
0.782831
0.783089
0.78335
0.783612
0.783876
0.784143
0.784411
0.784682
0.784955
0.785229
0.785506
0.785785
0.786066
0.786348
0.786632
0.786917
0.787204
0.787493
0.787783
0.788075
0.788368
0.788664
0.788962
0.789261
0.78956
0.78986
0.79016
0.790462
0.790766
0.791071
0.791378
0.791685
0.791993
0.792304
0.792615
0.792928
0.793241
0.793556
0.793871
0.794187
0.794504
0.794821
0.795139
0.795458
0.795778
0.796099
0.796421
0.796742
0.797064
0.797385
0.797707
0.798029
0.798351
0.798675
0.798998
0.799321
0.799642
0.799963
0.800283
0.800603
0.800923
0.801242
0.801562
0.801881
0.802199
0.802517
0.802834
0.80315
0.803467
0.803783
0.804099
0.804415
0.80473
0.805044
0.805359
0.805672
0.805985
0.806297
0.806608
0.806918
0.807228
0.807537
0.807845
0.808153
0.80846
0.808767
0.809073
0.809378
0.809683
0.809987
0.81029
0.810593
0.810894
0.811194
0.811494
0.811791
0.812088
0.812383
0.812676
0.812969
0.81326
0.81355
0.813838
0.814125
0.81441
0.814693
0.814975
0.815256
0.815535
0.815812
0.816088
0.816363
0.816635
0.816906
0.817175
0.817443
0.817709
0.817974
0.818238
0.818501
0.818761
0.819019
0.819277
0.819532
0.819786
0.820038
0.820288
0.820537
0.820783
0.821027
0.82127
0.821512
0.821752
0.82199
0.822226
0.82246
0.822692
0.822922
0.82315
0.823377
0.823602
0.823825
0.824046
0.824265
0.824483
0.824699
0.824912
0.825124
0.825332
0.825541
0.825747
0.825953
0.826157
0.82636
0.82656
0.826759
0.826955
0.827151
0.827344
0.827535
0.827724
0.827912
0.828098
0.828281
0.828463
0.828643
0.828822
0.828999
0.829174
0.829347
0.829517
0.829686
0.829853
0.830018
0.830181
0.830343
0.830502
0.830659
0.830814
0.830967
0.831117
0.831266
0.831412
0.831556
0.831698
0.831839
0.831977
0.832114
0.832249
0.832382
0.832513
0.832643
0.83277
0.832895
0.833018
0.833139
0.833257
0.833373
0.833488
0.8336
0.833711
0.83382
0.833927
0.834033
0.834137
0.834239
0.834338
0.834436
0.834532
0.834626
0.834719
0.83481
0.8349
0.834988
0.835074
0.835158
0.835239
0.835319
0.835398
0.835475
0.835549
0.835622
0.835694
0.835763
0.835831
0.835898
0.835962
0.836023
0.836083
0.836141
0.836197
0.836251
0.836305
0.836355
0.836404
0.836452
0.836498
0.836544
0.836588
0.836631
0.836673
0.836712
0.836751
0.836788
0.836824
0.836858
0.83689
0.836922
0.836952
0.836981
0.837008
0.837033
0.837057
0.837078
0.837099
0.837117
0.837134
0.83715
0.837165
0.837179
0.837191
0.837202
0.837211
0.83722
0.837226
0.837232
0.837236
0.837238
0.83724
0.83724
0.837239
0.837236
0.837231
0.837225
0.837218
0.837208
0.837197
0.837184
0.83717
0.837156
0.837141
0.837126
0.83711
0.837093
0.837074
0.837055
0.837035
0.837014
0.836993
0.836971
0.836947
0.836921
0.836895
0.836869
0.836841
0.836811
0.83678
0.836749
0.836718
0.836686
0.836655
0.836622
0.836588
0.836554
0.836519
0.836483
0.836446
0.836408
0.836371
0.836334
0.836298
0.83626
0.836222
0.836182
0.836141
0.836099
0.836058
0.836017
0.835976
0.835934
0.835892
0.83585
0.835808
0.835766
0.835721
0.835677
0.83563
0.835584
0.835537
0.835489
0.83544
0.83539
0.835339
0.835286
0.835233
0.835179
0.835124
0.83507
0.835016
0.834961
0.834907
0.834851
0.834795
0.834737
0.834679
0.834621
0.834562
0.834504
0.834445
0.834386
0.834327
0.834269
0.834211
0.834152
0.834093
0.834034
0.833974
0.833913
0.833852
0.833792
0.833731
0.83367
0.833609
0.833548
0.833487
0.833425
0.833365
0.833304
0.833243
0.833182
0.833121
0.833059
0.832997
0.832934
0.832872
0.832809
0.832746
0.832683
0.83262
0.832556
0.832491
0.832427
0.832362
0.832296
0.83223
0.832164
0.832098
0.832032
0.831966
0.831899
0.831833
0.831768
0.831703
0.831637
0.831572
0.831509
0.831444
0.831381
0.831318
0.831256
0.831194
0.831133
0.831072
0.831011
0.830952
0.830892
0.830832
0.830772
0.830713
0.830654
0.830595
0.830537
0.830479
0.830421
0.830364
0.830307
0.830251
0.830195
0.83014
0.830086
0.830031
0.829976
0.829922
0.829868
0.829814
0.82976
0.829707
0.829655
0.829603
0.829552
0.829501
0.829452
0.829402
0.829353
0.829305
0.829256
0.829208
0.82916
0.829113
0.829065
0.829016
0.828968
0.82892
0.828871
0.828822
0.828773
0.828725
0.828676
0.828627
0.828578
0.82853
0.828482
0.828435
0.828387
0.828338
0.82829
0.828242
0.828195
0.828149
0.828103
0.828057
0.828012
0.827968
0.827925
0.827882
0.82784
0.827799
0.827758
0.827719
0.82768
0.827643
0.827604
0.827566
0.827528
0.827489
0.827451
0.827413
0.827375
0.827337
0.827299
0.827261
0.827223
0.827186
0.827149
0.827112
0.827076
0.827041
0.827007
0.826974
0.826942
0.826911
0.82688
0.826849
0.82682
0.826791
0.826763
0.826735
0.826707
0.82668
0.826655
0.82663
0.826606
0.826584
0.826562
0.82654
0.826519
0.826497
0.826476
0.826455
0.826434
0.826414
0.826395
0.826375
0.826357
0.826339
0.82632
0.826302
0.826284
0.826265
0.826247
0.826229
0.826211
0.826194
0.826176
0.826158
0.826142
0.826125
0.826108
0.826091
0.826073
0.826056
0.826039
0.826022
0.826004
0.825988
0.825971
0.825955
0.82594
0.825925
0.82591
0.825895
0.82588
0.825865
0.82585
0.825836
0.825821
0.825808
0.825795
0.825784
0.825773
0.825763
0.825753
0.825743
0.825734
0.825724
0.825714
0.825704
0.825694
0.825684
0.825675
0.825667
0.82566
0.825653
0.825647
0.825639
0.825632
0.825624
0.825616
0.825607
0.825598
0.82559
0.825581
0.825573
0.825565
0.825558
0.825552
0.825546
0.82554
0.825535
0.82553
0.825525
0.82552
0.825515
0.82551
0.825505
0.825501
0.825499
0.825497
0.825497
0.825497
0.825497
0.825498
0.825498
0.8255
0.825501
0.825502
0.825503
0.825504
0.825505
0.825507
0.825508
0.825511
0.825514
0.825517
0.825521
0.825523
0.825526
0.825529
0.825531
0.825533
0.825534
0.825536
0.825538
0.82554
0.825542
0.825546
0.825549
0.825551
0.825554
0.825558
0.825561
0.825565
0.825568
0.825571
0.825574
0.825577
0.825581
0.825586
0.82559
0.825592
0.825595
0.825597
0.825599
0.825602
0.825606
0.82561
0.825615
0.82562
0.825624
0.825627
0.82563
0.825634
0.825637
0.825639
0.825641
0.825645
0.825648
0.825652
0.825656
0.82566
0.825664
0.825666
0.825671
0.825675
0.825679
0.825682
0.825685
0.825688
0.825691
0.825695
0.825698
0.825702
0.825705
0.825707
0.825709
0.825711
0.825712
0.825714
0.825715
0.825716
0.825717
0.825719
0.825721
0.825723
0.825724
0.825726
0.825728
0.825729
0.825731
0.825734
0.825736
0.825738
0.825741
0.825744
0.825747
0.82575
0.825752
0.825753
0.825755
0.825757
0.825759
0.825763
0.825767
0.825772
0.825776
0.825782
0.825788
0.825796
0.825802
0.825808
0.825814
0.825819
0.825825
0.82583
0.825836
0.825842
0.825848
0.825854
0.825862
0.82587
0.825878
0.825886
0.825892
0.825898
0.825904
0.825911
0.825918
0.825926
0.825934
0.825943
0.825951
0.825959
0.825966
0.825974
0.825981
0.82599
0.825998
0.826006
0.826015
0.826024
0.826034
0.826044
0.826053
0.826064
0.826075
0.826087
0.826099
0.826111
0.826124
0.826137
0.826152
0.826166
0.826181
0.826196
0.826211
0.826226
0.826241
0.826255
0.826269
0.826283
0.826297
0.826312
0.826326
0.82634
0.826353
0.826366
0.82638
0.826392
0.826405
0.826418
0.826431
0.826445
0.82646
0.826475
0.826489
0.826504
0.826519
0.826534
0.826551
0.826567
0.826582
0.826597
0.826613
0.826628
0.826644
0.826659
0.826674
0.826688
0.826702
0.826715
0.826729
0.826744
0.826758
0.826771
0.826783
0.826797
0.82681
0.826824
0.826837
0.826851
0.826864
0.826876
0.826889
0.826901
0.826913
0.826924
0.826936
0.826949
0.826962
0.826976
0.826988
0.827
0.827012
0.827025
0.827037
0.827048
0.827059
0.82707
0.827082
0.827094
0.827105
0.827116
0.827127
0.827139
0.827151
0.827162
0.827173
0.827183
0.827194
0.827204
0.827214
0.827224
0.827233
0.827242
0.827252
0.82726
0.827267
0.827275
0.827284
0.827292
0.8273
0.827308
0.827316
0.827323
0.827329
0.827334
0.82734
0.827344
0.827349
0.827356
0.827362
0.827368
0.827374
0.827379
0.827382
0.827386
0.82739
0.827393
0.827396
0.8274
0.827404
0.827408
0.827413
0.827417
0.82742
0.827424
0.827427
0.82743
0.827431
0.827432
0.827434
0.827436
0.827438
0.827439
0.82744
0.827442
0.827442
0.827441
0.82744
0.827438
0.827437
0.827436
0.827434
0.827433
0.827432
0.827429
0.827427
0.827426
0.827424
0.827423
0.82742
0.827418
0.827417
0.827415
0.827415
0.827415
0.827415
0.827416
0.827417
0.827418
0.827419
0.827422
0.827423
0.827425
0.827426
0.827429
0.827432
0.827436
0.82744
0.827444
0.827447
0.82745
0.827454
0.827458
0.827461
0.827464
0.827466
0.827469
0.827471
0.827472
0.827473
0.827475
0.827476
0.827476
0.827476
0.827476
0.827477
0.827478
0.827479
0.827481
0.827482
0.827484
0.827486
0.827487
0.827488
0.82749
0.827491
0.827492
0.827494
0.827497
0.827498
0.8275
0.827501
0.827502
0.827503
0.827505
0.827507
0.827509
0.827511
0.827514
0.827516
0.827518
0.827521
0.827522
0.827525
0.827527
0.827529
0.827531
0.827534
0.827537
0.827539
0.82754
0.827543
0.827545
0.827548
0.82755
0.827551
0.827553
0.827556
0.827558
0.82756
0.827562
0.827563
0.827566
0.827569
0.827574
0.827578
0.827583
0.827587
0.827592
0.827596
0.8276
0.827604
0.827608
0.827612
0.827616
0.82762
0.827624
0.827629
0.827634
0.82764
0.827644
0.827647
0.827652
0.827655
0.827659
0.827664
0.827668
0.827672
0.827676
0.827678
0.827681
0.827683
0.827687
0.827691
0.827695
0.827699
0.827702
0.827706
0.827709
0.827713
0.827716
0.827721
0.827725
0.827731
0.827737
0.827744
0.827752
0.827759
0.827766
0.827772
0.827778
0.827785
0.827792
0.8278
0.827807
0.827814
0.827821
0.827828
0.827836
0.827843
0.82785
0.827856
0.827863
0.827869
0.827877
0.827884
0.827892
0.8279
0.827908
0.827916
0.827924
0.827933
0.827941
0.827949
0.827957
0.827965
0.827974
0.827982
0.827992
0.828001
0.828011
0.828022
0.828033
0.828044
0.828053
0.828063
0.828073
0.828082
0.82809
0.828099
0.828108
0.828118
0.828128
0.828138
0.828148
0.828158
0.828167
0.828177
0.828186
0.828195
0.828204
0.828212
0.82822
0.828228
0.828237
0.828245
0.828254
0.828261
0.82827
0.828279
0.828286
0.828293
0.828301
0.828308
0.828315
0.828322
0.828329
0.828336
0.828343
0.828351
0.828359
0.828367
0.828376
0.828384
0.828393
0.828401
0.828407
0.828414
0.82842
0.828426
0.828431
0.828438
0.828444
0.82845
0.828456
0.828461
0.828466
0.828472
0.828476
0.828481
0.828486
0.828491
0.828495
0.828499
0.828502
0.828505
0.828507
0.828509
0.828509
0.828509
0.828507
0.828506
0.828505
0.828502
0.828498
0.828494
0.82849
0.828486
0.828482
0.828478
0.828474
0.82847
0.828466
0.828461
0.828457
0.828453
0.828448
0.828444
0.82844
0.828435
0.828431
0.828426
0.82842
0.828414
0.828409
0.828402
0.828395
0.828388
0.82838
0.828374
0.828367
0.828362
0.828356
0.828351
0.828346
0.828341
0.828336
0.82833
0.828324
0.828318
0.828313
0.828308
0.828302
0.828298
0.828293
0.828288
0.828284
0.828278
0.828273
0.828267
0.828262
0.828256
0.82825
0.828244
0.828238
0.828232
0.828226
0.82822
0.828213
0.828207
0.8282
0.828192
0.828184
0.828175
0.828167
0.828159
0.828151
0.828143
0.828136
0.828128
0.82812
0.828114
0.828108
0.828102
0.828096
0.828089
0.828083
0.828077
0.82807
0.828064
0.828058
0.828052
0.828046
0.82804
0.828034
0.828028
0.828022
0.828017
0.828013
0.828009
0.828004
0.827999
0.827994
0.82799
0.827986
0.827984
0.827982
0.82798
0.827977
0.827974
0.827972
0.827969
0.827966
0.827962
0.827958
0.827954
0.82795
0.827945
0.82794
0.827935
0.827929
0.827924
0.827917
0.827912
0.827906
0.8279
0.827895
0.827889
0.827884
0.827878
0.827872
0.827866
0.827858
0.827852
0.827846
0.827841
0.827835
0.827829
0.827822
0.827815
0.827808
0.827802
0.827797
0.827791
0.827786
0.82778
0.827774
0.827768
0.827762
0.827754
0.827748
0.827742
0.827735
0.827728
0.827722
0.827715
0.82771
0.827703
0.827696
0.827689
0.827681
0.827674
0.827667
0.827659
0.827651
0.827645
0.827638
0.827632
0.827626
0.82762
0.827614
0.827608
0.827603
0.827597
0.82759
0.827584
0.827578
0.827572
0.827566
0.82756
0.827555
0.827551
0.827546
0.827541
0.827536
0.82753
0.827526
0.827521
0.827517
0.827513
0.827509
0.827505
0.827501
0.827498
0.827495
0.827492
0.827489
0.827486
0.827484
0.82748
0.827477
0.827473
0.827469
0.827465
0.827461
0.827457
0.827452
0.827447
0.827442
0.827437
0.827433
0.827428
0.827423
0.827418
0.827411
0.827404
0.827398
0.827391
0.827384
0.827375
0.827368
0.82736
0.827352
0.827344
0.827337
0.827331
0.827324
0.827316
0.827309
0.827302
0.827295
0.827287
0.82728
0.827272
0.827264
0.827257
0.827248
0.82724
0.827231
0.827223
0.827214
0.827205
0.827195
0.827184
0.827174
0.827163
0.827152
0.827141
0.82713
0.827119
0.827109
0.827099
0.82709
0.827081
0.827072
0.827063
0.827053
0.827044
0.827035
0.827025
0.827015
0.827005
0.826994
0.826985
0.826976
0.826967
0.82696
0.826952
0.826944
0.826935
0.826927
0.826919
0.826913
0.826907
0.826901
0.826895
0.826889
0.826883
0.826877
0.826871
0.826866
0.82686
0.826855
0.82685
0.826845
0.82684
0.826834
0.826829
0.826824
0.826818
0.826814
0.82681
0.826805
0.826801
0.826798
0.826794
0.82679
0.826786
0.826782
0.826779
0.826776
0.826774
0.826771
0.826768
0.826765
0.826762
0.826759
0.826756
0.826754
0.826751
0.826748
0.826745
0.826744
0.826743
0.826743
0.826742
0.826741
0.82674
0.826739
0.826739
0.826737
0.826736
0.826735
0.826733
0.826732
0.826731
0.82673
0.826728
0.826726
0.826724
0.826723
0.826721
0.826719
0.826717
0.826714
0.826711
0.826708
0.826705
0.826704
0.826702
0.826699
0.826697
0.826695
0.826693
0.826691
0.826688
0.826686
0.826682
0.826678
0.826674
0.82667
0.826667
0.826662
0.826659
0.826655
0.82665
0.826646
0.826642
0.826638
0.826634
0.826629
0.826625
0.826622
0.826619
0.826615
0.826611
0.826606
0.826601
0.826597
0.826592
0.826585
0.826579
0.826574
0.826569
0.826564
0.826559
0.826554
0.826549
0.826545
0.826541
0.826536
0.826532
0.826528
0.826523
0.826519
0.826515
0.82651
0.826504
0.8265
0.826495
0.82649
0.826485
0.826481
0.826476
0.826473
0.826469
0.826465
0.826461
0.826457
0.826451
0.826446
0.826442
0.826438
0.826435
0.82643
0.826424
0.82642
0.826415
0.826411
0.826406
0.826402
0.826398
0.826392
0.826388
0.826383
0.826379
0.826375
0.82637
0.826366
0.826364
0.826362
0.82636
0.82636
0.82636
0.826361
0.826361
0.826362
0.826362
0.826363
0.826362
0.826362
0.826363
0.826365
0.826368
0.82637
0.826373
0.826376
0.826381
0.826385
0.826389
0.826392
0.826394
0.826396
0.826398
0.826401
0.826404
0.826409
0.826415
0.826421
0.826428
0.826435
0.826444
0.826451
0.826458
0.826465
0.826473
0.82648
0.826488
0.826496
0.826504
0.826512
0.82652
0.826528
0.826536
0.826544
0.826552
0.826561
0.826569
0.826578
0.826589
0.826599
0.826609
0.826619
0.82663
0.826641
0.826652
0.826662
0.826673
0.826683
0.826693
0.826702
0.826712
0.826723
0.826734
0.826745
0.826757
0.826769
0.826782
0.826794
0.826805
0.826817
0.82683
0.826843
0.826855
0.826868
0.82688
0.826892
0.826904
0.826917
0.826928
0.82694
0.826952
0.826965
0.826977
0.82699
0.827002
0.827014
0.827028
0.827041
0.827055
0.827069
0.827083
0.827097
0.82711
0.827122
0.827134
0.827145
0.827157
0.827169
0.827181
0.827193
0.827204
0.827213
0.827222
0.82723
0.827238
0.827246
0.827254
0.827261
0.82727
0.827279
0.827288
0.827296
0.827305
0.827314
0.827324
0.827333
0.827342
0.827352
0.82736
0.827368
0.827377
0.827385
0.827394
0.827402
0.82741
0.827417
0.827424
0.827431
0.827437
0.827443
0.827449
0.827455
0.82746
0.827464
0.827469
0.827474
0.827478
0.827484
0.82749
0.827496
0.827502
0.827509
0.827515
0.827521
0.827527
0.827533
0.827539
0.827547
0.827554
0.827561
0.827569
0.827575
0.827582
0.82759
0.827598
0.827607
0.827616
0.827624
0.827632
0.827638
0.827644
0.82765
0.827657
0.827663
0.827669
0.827677
0.827685
0.827693
0.8277
0.827707
0.827715
0.827721
0.827729
0.827735
0.827742
0.827747
0.827753
0.827757
0.827761
0.827765
0.827767
0.827769
0.827772
0.827774
0.827775
0.827776
0.827777
0.827778
0.827779
0.82778
0.827782
0.827784
0.827786
0.827788
0.82779
0.827792
0.827795
0.827797
0.8278
0.827803
0.827807
0.82781
0.827813
0.827816
0.827819
0.827823
0.827826
0.82783
0.827833
0.827836
0.827838
0.82784
0.827842
0.827843
0.827845
0.827846
0.827846
0.827848
0.827848
0.827848
0.827847
0.827847
0.827847
0.827846
0.827846
0.827845
0.827845
0.827844
0.827842
0.827841
0.82784
0.827839
0.827838
0.827838
0.827838
0.827838
0.827838
0.827839
0.82784
0.827842
0.827842
0.827843
0.827842
0.827841
0.827839
0.827838
0.827837
0.827835
0.827834
0.827833
0.82783
0.827829
0.827828
0.827826
0.827824
0.827824
0.827822
0.82782
0.827819
0.827818
0.827815
0.827813
0.82781
0.827807
0.827804
0.827802
0.8278
0.827799
0.827798
0.827796
0.827796
0.827796
0.827796
0.827795
0.827795
0.827794
0.827794
0.827794
0.827794
0.827795
0.827796
0.827798
0.8278
0.827802
0.827804
0.827806
0.827809
0.827812
0.827814
0.827817
0.82782
0.827823
0.827825
0.827827
0.827829
0.827831
0.827832
0.827834
0.827835
0.827836
0.827838
0.827841
0.827844
0.827848
0.827851
0.827855
0.827859
0.827863
0.827867
0.827872
0.827878
0.827883
0.827889
0.827893
0.827899
0.827904
0.827909
0.827912
0.827915
0.827918
0.827921
0.827925
0.827928
0.827932
0.827936
0.82794
0.827943
0.827947
0.827952
0.827954
0.827957
0.827959
0.827962
0.827964
0.827965
0.827967
0.827967
0.827968
0.827969
0.82797
0.82797
0.82797
0.82797
0.827969
0.827969
0.82797
0.82797
0.82797
0.82797
0.827969
0.827967
0.827966
0.827965
0.827962
0.827959
0.827955
0.827951
0.827947
0.827942
0.827936
0.827932
0.827927
0.827923
0.827919
0.827915
0.827912
0.827908
0.827904
0.8279
0.827896
0.827892
0.827889
0.827885
0.827881
0.827877
0.827872
0.827867
0.827863
0.827858
0.827853
0.827847
0.827842
0.827838
0.827834
0.827829
0.827825
0.82782
0.827816
0.827812
0.827808
0.827804
0.827799
0.827795
0.82779
0.827787
0.827784
0.827781
0.827778
0.827774
0.82777
0.827766
0.827763
0.827761
0.82776
0.827758
0.827757
0.827757
0.827756
0.827757
0.827758
0.827758
0.827759
0.827759
0.82776
0.82776
0.827761
0.827762
0.827764
0.827767
0.82777
0.827772
0.827773
0.827773
0.827774
0.827775
0.827775
0.827775
0.827774
0.827774
0.827774
0.827774
0.827773
0.827774
0.827774
0.827774
0.827773
0.827773
0.827773
0.827773
0.827774
0.827776
0.827778
0.827781
0.827784
0.827787
0.82779
0.827793
0.827795
0.827796
0.827797
0.827798
0.827798
0.827797
0.827796
0.827794
0.827793
0.827791
0.827788
0.827786
0.827785
0.827785
0.827785
0.827785
0.827784
0.827784
0.827783
0.827783
0.827783
0.827783
0.827783
0.827784
0.827785
0.827786
0.827787
0.827788
0.827789
0.82779
0.827792
0.827793
0.827794
0.827794
0.827795
0.827797
0.827799
0.827801
0.827802
0.827804
0.827806
0.827807
0.827809
0.827811
0.827813
0.827815
0.827817
0.827818
0.827819
0.82782
0.827822
0.827823
0.827824
0.827827
0.827829
0.82783
0.827832
0.827834
0.827835
0.827836
0.827837
0.827838
0.827839
0.82784
0.827842
0.827844
0.827847
0.82785
0.827853
0.827855
0.827858
0.827861
0.827863
0.827866
0.827867
0.827868
0.827869
0.827869
0.827869
0.827868
0.827866
0.827864
0.827863
0.827861
0.82786
0.827858
0.827857
0.827856
0.827855
0.827854
0.827854
0.827852
0.82785
0.827848
0.827845
0.827843
0.827842
0.82784
0.827838
0.827836
0.827833
0.827831
0.827828
0.827825
0.827824
0.827822
0.827821
0.827819
0.827817
0.827815
0.827812
0.827809
0.827805
0.827801
0.827798
0.827796
0.827793
0.82779
0.827787
0.827783
0.827779
0.827774
0.82777
0.827764
0.827759
0.827753
0.827746
0.827739
0.827732
0.827725
0.827716
0.827707
0.827698
0.827688
0.827678
0.827668
0.827658
0.827647
0.827637
0.827627
0.827619
0.82761
0.827601
0.827594
0.827586
0.827579
0.827571
0.827563
0.827555
0.827548
0.827541
0.827534
0.827528
0.827521
0.827515
0.827508
0.827503
0.827498
0.827493
0.827487
0.82748
0.827473
0.827466
0.827458
0.82745
0.827443
0.827436
0.827431
0.827425
0.827421
0.827417
0.827413
0.827408
0.827404
0.8274
0.827395
0.827391
0.827386
0.827382
0.827377
0.827372
0.827368
0.827365
0.827361
0.827358
0.827354
0.827351
0.827349
0.827348
0.827346
0.827344
0.827344
0.827344
0.827344
0.827346
0.827349
0.827352
0.827356
0.82736
0.827363
0.827366
0.827368
0.82737
0.827371
0.827373
0.827376
0.827378
0.827379
0.82738
0.827382
0.827384
0.827385
0.827386
0.827387
0.827386
0.827385
0.827384
0.827381
0.827378
0.827374
0.82737
0.827367
0.827363
0.827358
0.827353
0.827349
0.827344
0.827339
0.827334
0.827329
0.827324
0.827319
0.827313
0.827308
0.827301
0.827295
0.827288
0.827282
0.827277
0.82727
0.827264
0.827257
0.82725
0.827244
0.827236
0.827229
0.82722
0.827213
0.827206
0.827198
0.827191
0.827184
0.827178
0.827171
0.827165
0.827159
0.827154
0.827148
0.827143
0.827138
0.827132
0.827126
0.82712
0.827113
0.827106
0.8271
0.827093
0.827087
0.827079
0.827072
0.827064
0.827057
0.82705
0.827044
0.827038
0.827032
0.827026
0.827021
0.827016
0.827011
0.827005
0.826999
0.826994
0.826989
0.826986
0.826983
0.826979
0.826975
0.826972
0.82697
0.826967
0.826966
0.826964
0.826963
0.826961
0.826959
0.826957
0.826956
0.826955
0.826954
0.826953
0.826953
0.826953
0.826953
0.826953
0.826954
0.826955
0.826957
0.826957
0.826959
0.826961
0.826963
0.826965
0.826968
0.82697
0.826973
0.826976
0.826978
0.82698
0.826982
0.826984
0.826985
0.826987
0.826989
0.826991
0.826993
0.826996
0.826998
0.827
0.827003
0.827006
0.827009
0.827011
0.827013
0.827015
0.827017
0.827019
0.827022
0.827025
0.827028
0.827031
0.827035
0.827038
0.82704
0.827042
0.827042
0.827043
0.827044
0.827043
0.827042
0.82704
0.827038
0.827037
0.827035
0.827034
0.827033
0.827032
0.827031
0.827029
0.827027
0.827025
0.827024
0.827022
0.82702
0.827019
0.827018
0.827016
0.827014
0.827013
0.827011
0.827009
0.827008
0.827006
0.827006
0.827005
0.827003
0.827001
0.826998
0.826995
0.826991
0.826989
0.826986
0.826984
0.826982
0.826979
0.826975
0.826971
0.826967
0.826962
0.826956
0.82695
0.826944
0.826937
0.826931
0.826925
0.826918
0.826912
0.826904
0.826897
0.82689
0.826883
0.826876
0.826871
0.826865
0.826859
0.826853
0.826849
0.826845
0.826841
0.826837
0.826835
0.826832
0.826828
0.826824
0.826819
0.826816
0.826811
0.826807
0.826804
0.826801
0.826798
0.826796
0.826794
0.826793
0.826793
0.826792
0.826791
0.826791
0.826792
0.826792
0.826792
0.826791
0.82679
0.82679
0.826791
0.826791
0.826791
0.826791
0.826791
0.82679
0.82679
0.826789
0.826789
0.82679
0.826791
0.826791
0.826791
0.826791
0.82679
0.82679
0.826789
0.826789
0.82679
0.826791
0.826793
0.826796
0.826799
0.826803
0.826807
0.826813
0.826818
0.826824
0.826829
0.826834
0.826838
0.826842
0.826845
0.826848
0.826851
0.826853
0.826856
0.826859
0.826861
0.826862
0.826864
0.826866
0.826868
0.826869
0.826871
0.826873
0.826876
0.826878
0.826879
0.826881
0.826882
0.826884
0.826887
0.826889
0.826892
0.826893
0.826895
0.826898
0.826901
0.826903
0.826906
0.82691
0.826913
0.826916
0.826919
0.826921
0.826924
0.826927
0.826931
0.826935
0.826938
0.826941
0.826944
0.826947
0.826951
0.826953
0.826957
0.826961
0.826963
0.826967
0.826969
0.826972
0.826974
0.826975
0.826976
0.826978
0.82698
0.826983
0.826985
0.826987
0.826989
0.826991
0.826994
0.826997
0.827
0.827004
0.827007
0.827011
0.827014
0.827018
0.827021
0.827024
0.827027
0.82703
0.827032
0.827033
0.827035
0.827037
0.827038
0.827039
0.827041
0.827041
0.827042
0.827043
0.827044
0.827045
0.827047
0.827049
0.827052
0.827055
0.827058
0.827062
0.827065
0.827069
0.827074
0.827077
0.82708
0.827083
0.827085
0.827088
0.82709
0.827093
0.827095
0.827097
0.827098
0.8271
0.827102
0.827104
0.827106
0.827107
0.827108
0.827108
0.827109
0.82711
0.827111
0.827112
0.827114
0.827115
0.827117
0.827119
0.827122
0.827124
0.827126
0.827128
0.827131
0.827134
0.827137
0.827139
0.827142
0.827146
0.82715
0.827156
0.827161
0.827166
0.827171
0.827176
0.827182
0.827186
0.827191
0.827197
0.827202
0.827207
0.827212
0.827217
0.827221
0.827225
0.827229
0.827233
0.827238
0.827243
0.827247
0.827252
0.827257
0.827263
0.827268
0.827274
0.827279
0.827285
0.827291
0.827296
0.827303
0.827309
0.827316
0.827322
0.827328
0.827334
0.827341
0.827346
0.827351
0.827356
0.827361
0.827366
0.827369
0.827372
0.827376
0.82738
0.827384
0.827389
0.827394
0.827398
0.827403
0.827408
0.827412
0.827416
0.827421
0.827425
0.82743
0.827435
0.82744
0.827445
0.827451
0.827456
0.827461
0.827467
0.827472
0.827476
0.82748
0.827484
0.827488
0.827492
0.827497
0.827502
0.827507
0.827511
0.827516
0.82752
0.827525
0.82753
0.827535
0.827539
0.827545
0.82755
0.827555
0.827561
0.827565
0.82757
0.827575
0.82758
0.827586
0.82759
0.827595
0.8276
0.827605
0.82761
0.827613
0.827617
0.827621
0.827625
0.827628
0.827631
0.827634
0.827638
0.827641
0.827645
0.827649
0.827652
0.827656
0.827661
0.827667
0.827672
0.827677
0.827681
0.827684
0.827687
0.82769
0.827693
0.827698
0.827702
0.827707
0.827712
0.827716
0.827721
0.827726
0.827731
0.827734
0.827738
0.827742
0.827746
0.82775
0.827753
0.827756
0.827759
0.827762
0.827764
0.827766
0.827769
0.827771
0.827773
0.827775
0.827777
0.82778
0.827783
0.827787
0.827791
0.827794
0.827796
0.827798
0.827801
0.827804
0.827807
0.827809
0.827811
0.827814
0.827816
0.827819
0.827822
0.827825
0.827827
0.82783
0.827833
0.827836
0.82784
0.827845
0.827848
0.82785
0.827852
0.827855
0.827857
0.827858
0.827859
0.82786
0.827861
0.827862
0.827863
0.827865
0.827867
0.827869
0.827871
0.827874
0.827876
0.827877
0.827878
0.827879
0.827881
0.827881
0.827882
0.827882
0.827883
0.827883
0.827883
0.827883
0.827884
0.827884
0.827884
0.827884
0.827884
0.827884
0.827883
0.827882
0.827882
0.827882
0.827881
0.827881
0.827881
0.827881
0.827882
0.827883
0.827884
0.827884
0.827884
0.827885
0.827886
0.827885
0.827885
0.827885
0.827884
0.827883
0.827881
0.827879
0.827877
0.827876
0.827874
0.827873
0.827873
0.827872
0.827871
0.827869
0.827868
0.827868
0.827867
0.827866
0.827865
0.827865
0.827865
0.827865
0.827864
0.827864
0.827863
0.827861
0.82786
0.82786
0.827858
0.827857
0.827855
0.827853
0.827851
0.827847
0.827843
0.82784
0.827836
0.827832
0.827828
0.827824
0.827821
0.827818
0.827814
0.827809
0.827804
0.827801
0.827797
0.827793
0.827788
0.827784
0.827779
0.827775
0.827771
0.827767
0.827763
0.82776
0.827756
0.827753
0.827749
0.827746
0.827744
0.827742
0.827741
0.827739
0.827737
0.827735
0.827732
0.827729
0.827726
0.827722
0.827718
0.827713
0.827707
0.827702
0.827695
0.827689
0.827682
0.827676
0.82767
0.827664
0.827659
0.827653
0.827645
0.827638
0.827631
0.827624
0.827618
0.827613
0.827607
0.827601
0.827596
0.82759
0.827584
0.827579
0.827573
0.827567
0.82756
0.827554
0.827548
0.827541
0.827534
0.827527
0.827521
0.827514
0.827506
0.8275
0.827493
0.827486
0.82748
0.827473
0.827467
0.82746
0.827454
0.827449
0.827443
0.827437
0.827432
0.827428
0.827423
0.827419
0.827415
0.827412
0.827408
0.827403
0.827397
0.827391
0.827385
0.82738
0.827374
0.827369
0.827363
0.827358
0.827352
0.827347
0.827342
0.827338
0.827333
0.82733
0.827325
0.827321
0.827316
0.827313
0.82731
0.827306
0.827301
0.827295
0.827289
0.827283
0.827279
0.827275
0.82727
0.827267
0.827263
0.827258
0.827255
0.82725
0.827244
0.827238
0.827232
0.827225
0.827217
0.827208
0.8272
0.82719
0.827181
0.827172
0.827163
0.827153
0.827143
0.827132
0.827121
0.827109
0.827098
0.827087
0.827078
0.827068
0.827057
0.827046
0.827035
0.827023
0.827011
0.826999
0.826987
0.826975
0.826965
0.826953
0.826942
0.826931
0.826921
0.82691
0.8269
0.82689
0.826881
0.826873
0.826865
0.826857
0.826849
0.826842
0.826834
0.826826
0.826818
0.826811
0.826803
0.826796
0.826788
0.826781
0.826774
0.826768
0.826763
0.826758
0.826752
0.826746
0.826741
0.826736
0.826732
0.826727
0.826722
0.826719
0.826715
0.826713
0.82671
0.826707
0.826705
0.826702
0.8267
0.826698
0.826696
0.826695
0.826694
0.826694
0.826694
0.826693
0.826691
0.82669
0.826687
0.826685
0.826682
0.82668
0.826679
0.826676
0.826673
0.82667
0.826668
0.826665
0.826663
0.82666
0.826656
0.826653
0.82665
0.826647
0.826643
0.826639
0.826635
0.826631
0.826627
0.826624
0.82662
0.826617
0.826614
0.826611
0.826608
0.826606
0.826603
0.8266
0.826597
0.826593
0.82659
0.826588
0.826586
0.826584
0.826581
0.826579
0.826576
0.826573
0.82657
0.826568
0.826564
0.82656
0.826556
0.826552
0.826547
0.826543
0.826539
0.826536
0.826531
0.826527
0.826522
0.826518
0.826514
0.82651
0.826506
0.826503
0.8265
0.826499
0.826498
0.826495
0.826493
0.82649
0.826488
0.826486
0.826483
0.82648
0.826478
0.826474
0.826471
0.826468
0.826466
0.826462
0.82646
0.826458
0.826455
0.826452
0.82645
0.826447
0.826444
0.826441
0.826438
0.826435
0.826433
0.826431
0.826429
0.826426
0.826424
0.826422
0.826421
0.826419
0.826418
0.826416
0.826414
0.826411
0.826409
0.826408
0.826407
0.826406
0.826405
0.826405
0.826405
0.826405
0.826406
0.826407
0.826408
0.826411
0.826413
0.826415
0.826417
0.826419
0.826422
0.826424
0.826427
0.82643
0.826434
0.826438
0.826442
0.826445
0.82645
0.826456
0.826462
0.826468
0.826474
0.82648
0.826486
0.826492
0.826498
0.826504
0.826511
0.826517
0.826524
0.82653
0.826538
0.826546
0.826555
0.826563
0.826571
0.82658
0.826589
0.826597
0.826606
0.826615
0.826625
0.826636
0.826646
0.826657
0.826668
0.82668
0.826692
0.826705
0.826717
0.826729
0.826741
0.826753
0.826764
0.826775
0.826786
0.826797
0.826808
0.826818
0.826829
0.826839
0.82685
0.826861
0.826871
0.826882
0.826893
0.826904
0.826915
0.826926
0.826937
0.826948
0.82696
0.826971
0.826983
0.826994
0.827005
0.827015
0.827026
0.827036
0.827047
0.827058
0.82707
0.827083
0.827094
0.827106
0.827118
0.82713
0.827143
0.827154
0.827167
0.82718
0.827192
0.827205
0.827218
0.827231
0.827244
0.827256
0.827269
0.827282
0.827293
0.827305
0.827317
0.827328
0.827338
0.827347
0.827357
0.827367
0.827377
0.827387
0.827397
0.827407
0.827417
0.827426
0.827436
0.827445
0.827454
0.827462
0.82747
0.827477
0.827484
0.827492
0.827499
0.827506
0.827514
0.827522
0.827529
0.827536
0.827543
0.827549
0.827556
0.827563
0.827571
0.827578
0.827585
0.827592
0.827598
0.827604
0.82761
0.827615
0.827621
0.827627
0.827633
0.827639
0.827646
0.827652
0.827659
0.827667
0.827674
0.827682
0.82769
0.827696
0.827702
0.827708
0.827714
0.827719
0.827723
0.827727
0.827732
0.827737
0.827742
0.827748
0.827754
0.827759
0.827763
0.827767
0.82777
0.827773
0.827776
0.827778
0.82778
0.827781
0.827782
0.827784
0.827787
0.827789
0.827792
0.827796
0.827799
0.827803
0.827807
0.827811
0.827815
0.827819
0.827823
0.827828
0.827833
0.827837
0.827843
0.827848
0.827853
0.827857
0.827862
0.827867
0.827873
0.82788
0.827886
0.827892
0.827899
0.827905
0.827912
0.827919
0.827925
0.827932
0.827938
0.827944
0.827949
0.827955
0.82796
0.827965
0.82797
0.827974
0.82798
0.827985
0.827991
0.827998
0.828004
0.82801
0.828017
0.828024
0.828032
0.828039
0.828045
0.828051
0.828056
0.828062
0.828068
0.828074
0.828079
0.828085
0.828091
0.828096
0.828102
0.828108
0.828114
0.828119
0.828124
0.828128
0.828133
0.828137
0.828142
0.828146
0.82815
0.828154
0.828157
0.828161
0.828165
0.828169
0.828174
0.828179
0.828185
0.82819
0.828195
0.828201
0.828206
0.82821
0.828214
0.828218
0.828223
0.828228
0.828232
0.828237
0.828241
0.828246
0.828252
0.828258
0.828263
0.828267
0.828269
0.828272
0.828275
0.828278
0.828282
0.828285
0.828287
0.82829
0.828293
0.828296
0.8283
0.828305
0.828311
0.828318
0.828325
0.828332
0.828337
0.828342
0.828348
0.828353
0.828357
0.828361
0.828365
0.82837
0.828375
0.828381
0.828386
0.828391
0.828397
0.828403
0.828408
0.828413
0.828419
0.828425
0.828431
0.828438
0.828446
0.828453
0.828461
0.828468
0.828476
0.828483
0.828489
0.828495
0.828502
0.828509
0.828516
0.828522
0.828527
0.828532
0.828538
0.828543
0.828549
0.828553
0.828558
0.828562
0.828566
0.828568
0.82857
0.828572
0.828574
0.828578
0.828582
0.828585
0.828588
0.828592
0.828596
0.8286
0.828605
0.828609
0.828613
0.828617
0.82862
0.828623
0.828626
0.828628
0.82863
0.828632
0.828633
0.828633
0.828634
0.828634
0.828633
0.828632
0.828631
0.828631
0.82863
0.828628
0.828626
0.828625
0.828623
0.82862
0.828617
0.828615
0.828612
0.82861
0.828607
0.828605
0.828603
0.828602
0.828601
0.828599
0.828598
0.828598
0.828597
0.828597
0.828597
0.828597
0.828598
0.828599
0.828601
0.828602
0.828603
0.828606
0.828608
0.828609
0.828609
0.828609
0.828609
0.82861
0.82861
0.82861
0.82861
0.828611
0.828612
0.828612
0.828612
0.828612
0.828613
0.828613
0.828614
0.828614
0.828614
0.828614
0.828614
0.828614
0.828613
0.828613
0.828612
0.828611
0.828609
0.828608
0.828606
0.828603
0.828601
0.828599
0.828598
0.828595
0.828592
0.828589
0.828585
0.828581
0.828578
0.828573
0.828569
0.828565
0.828561
0.828557
0.828552
0.828547
0.828542
0.828536
0.828531
0.828525
0.828519
0.828513
0.828507
0.828501
0.828494
0.828488
0.828482
0.828476
0.82847
0.828463
0.828457
0.828451
0.828445
0.828439
0.828432
0.828425
0.828417
0.82841
0.828402
0.828395
0.828389
0.828382
0.828375
0.828368
0.828362
0.828355
0.828347
0.82834
0.828333
0.828326
0.828318
0.82831
0.828303
0.828294
0.828287
0.828278
0.828271
0.828263
0.828255
0.828247
0.828239
0.828231
0.828223
0.828215
0.828205
0.828195
0.828185
0.828175
0.828165
0.828157
0.828148
0.82814
0.828132
0.828124
0.828117
0.828108
0.8281
0.828092
0.828084
0.828076
0.828069
0.828063
0.828056
0.828051
0.828045
0.828039
0.828032
0.828024
0.828017
0.82801
0.828002
0.827995
0.827989
0.827983
0.827978
0.827973
0.827967
0.827962
0.827957
0.827953
0.827948
0.827943
0.827939
0.827936
0.827931
0.827928
0.827925
0.827922
0.827919
0.827915
0.827912
0.827907
0.827902
0.827897
0.827892
0.827886
0.827881
0.827875
0.827872
0.827867
0.827864
0.827861
0.827858
0.827854
0.827851
0.827848
0.827845
0.827843
0.82784
0.827838
0.827836
0.827833
0.827831
0.827828
0.827826
0.827823
0.82782
0.827817
0.827815
0.827812
0.827809
0.827807
0.827804
0.827801
0.827799
0.827796
0.827794
0.827791
0.827787
0.827784
0.82778
0.827776
0.82777
0.827765
0.827759
0.827753
0.827747
0.827742
0.827736
0.82773
0.827725
0.827719
0.827714
0.827709
0.827706
0.827703
0.827701
0.827699
0.827697
0.827696
0.827695
0.827692
0.827689
0.827686
0.827684
0.827681
0.827678
0.827676
0.827674
0.827673
0.827672
0.827672
0.827673
0.827675
0.827676
0.827676
0.827676
0.827676
0.827677
0.827677
0.827678
0.827679
0.827681
0.827683
0.827684
0.827686
0.827687
0.827688
0.827689
0.82769
0.82769
0.827691
0.827691
0.827693
0.827694
0.827694
0.827695
0.827695
0.827697
0.827698
0.827699
0.827701
0.827704
0.827706
0.827709
0.827711
0.827713
0.827713
0.827714
0.827715
0.827717
0.827718
0.827719
0.82772
0.827723
0.827725
0.827727
0.827729
0.827732
0.827734
0.827736
0.827738
0.82774
0.827742
0.827743
0.827744
0.827745
0.827745
0.827747
0.827749
0.827751
0.827753
0.827754
0.827755
0.827757
0.827758
0.827759
0.82776
0.827761
0.827762
0.827763
0.827766
0.827768
0.827771
0.827774
0.827778
0.827782
0.827785
0.827788
0.827791
0.827794
0.827796
0.827798
0.827801
0.827803
0.827806
0.827806
0.827806
0.827806
0.827806
0.827805
0.827804
0.827804
0.827803
0.827803
0.827804
0.827805
0.827807
0.827808
0.827809
0.827811
0.827814
0.827816
0.827818
0.827819
0.827819
0.82782
0.827822
0.827824
0.827826
0.827829
0.827832
0.827834
0.827837
0.827841
0.827843
0.827845
0.827847
0.82785
0.827853
0.827856
0.827859
0.827863
0.827866
0.82787
0.827873
0.827875
0.827877
0.827878
0.827879
0.827881
0.827883
0.827885
0.827886
0.827888
0.82789
0.827893
0.827895
0.827897
0.827899
0.827901
0.827902
0.827904
0.827907
0.82791
0.827914
0.827918
0.827921
0.827924
0.827927
0.827929
0.827931
0.827934
0.827937
0.827939
0.827941
0.827942
0.827943
0.827944
0.827945
0.827945
0.827946
0.827947
0.827947
0.827946
0.827946
0.827944
0.827943
0.827943
0.827942
0.827942
0.827941
0.827941
0.827941
0.82794
0.827939
0.827937
0.827935
0.827932
0.827928
0.827925
0.827921
0.827918
0.827915
0.827913
0.82791
0.827907
0.827904
0.8279
0.827896
0.827893
0.827889
0.827886
0.827881
0.827876
0.827871
0.827867
0.827864
0.827859
0.827854
0.82785
0.827846
0.827843
0.827839
0.827835
0.827831
0.827827
0.827823
0.827818
0.827813
0.827807
0.827801
0.827794
0.827789
0.827782
0.827775
0.827767
0.82776
0.827753
0.827747
0.827742
0.827736
0.827732
0.827727
0.827723
0.82772
0.827717
0.827713
0.827708
0.827704
0.827699
0.827695
0.827691
0.827688
0.827685
0.827681
0.827677
0.827674
0.827672
0.827669
0.827666
0.827663
0.827658
0.827655
0.827652
0.827649
0.827648
0.827647
0.827646
0.827645
0.827644
0.827643
0.827642
0.827642
0.827643
0.827643
0.827644
0.827646
0.827647
0.827649
0.82765
0.827651
0.827651
0.827651
0.827651
0.827651
0.827652
0.827653
0.827655
0.827655
0.827657
0.827658
0.82766
0.827662
0.827663
0.827665
0.827667
0.827669
0.827669
0.827669
0.827669
0.827668
0.827668
0.827668
0.827668
0.827667
0.827666
0.827664
0.827663
0.827661
0.82766
0.827657
0.827655
0.827654
0.827652
0.82765
0.827647
0.827645
0.827642
0.827638
0.827633
0.827629
0.827624
0.82762
0.827616
0.827611
0.827607
0.827602
0.827598
0.827594
0.82759
0.827586
0.827582
0.827577
0.827572
0.827565
0.827558
0.827551
0.827544
0.827537
0.82753
0.827523
0.827516
0.82751
0.827504
0.827498
0.827492
0.827487
0.827482
0.827477
0.827471
0.827465
0.827459
0.827453
0.827447
0.827442
0.827436
0.827432
0.827427
0.827424
0.82742
0.827417
0.827413
0.82741
0.827408
0.827405
0.827403
0.8274
0.827398
0.827398
0.827397
0.827397
0.827396
0.827394
0.827392
0.82739
0.827389
0.827389
0.827388
0.827387
0.827386
0.827386
0.827386
0.827386
0.827387
0.827388
0.827388
0.827387
0.827387
0.827387
0.827387
0.827387
0.827387
0.827387
0.827386
0.827386
0.827386
0.827387
0.827388
0.827389
0.82739
0.827391
0.827391
0.827391
0.827392
0.827393
0.827394
0.827395
0.827394
0.827394
0.827394
0.827395
0.827396
0.827397
0.827398
0.827398
0.827398
0.827397
0.827395
0.827395
0.827393
0.827391
0.82739
0.82739
0.82739
0.82739
0.82739
0.827391
0.827391
0.827389
0.827389
0.827388
0.827387
0.827388
0.827388
0.827389
0.827389
0.827391
0.827392
0.827393
0.827394
0.827395
0.827396
0.827397
0.827398
0.8274
0.827401
0.827402
0.827403
0.827404
0.827405
0.827406
0.827407
0.827408
0.827409
0.827411
0.827413
0.827415
0.827417
0.82742
0.827423
0.827426
0.827429
0.827433
0.827437
0.827441
0.827444
0.827449
0.827453
0.827459
0.827464
0.82747
0.827475
0.82748
0.827485
0.82749
0.827496
0.827502
0.827508
0.827515
0.827523
0.82753
0.827538
0.827546
0.827554
0.827562
0.827571
0.82758
0.827589
0.827598
0.827606
0.827614
0.827621
0.827629
0.827636
0.827642
0.827648
0.827654
0.827658
0.827662
0.827665
0.827667
0.827669
0.82767
0.827671
0.827671
0.827672
0.827673
0.827674
0.827675
0.827676
0.827678
0.82768
0.827682
0.827684
0.827685
0.827687
0.827688
0.82769
0.827693
0.827695
0.827697
0.827698
0.827699
0.8277
0.827701
0.827702
0.827704
0.827705
0.827707
0.827709
0.827711
0.827713
0.827716
0.82772
0.827724
0.827728
0.827732
0.827735
0.827739
0.827743
0.827747
0.82775
0.827752
0.827755
0.827757
0.82776
0.827762
0.827764
0.827765
0.827767
0.827767
0.827768
0.827768
0.827769
0.827768
0.827768
0.827767
0.827768
0.827768
0.827769
0.827769
0.82777
0.827771
0.827772
0.827773
0.827774
0.827775
0.827776
0.827777
0.827779
0.82778
0.827782
0.827784
0.827786
0.827787
0.827789
0.827789
0.82779
0.82779
0.827791
0.827792
0.827792
0.827793
0.827793
0.827793
0.827792
0.827793
0.827792
0.827791
0.82779
0.827788
0.827785
0.827784
0.827783
0.827783
0.827783
0.827782
0.827782
0.827782
0.827783
0.827783
0.827784
0.827784
0.827785
0.827785
0.827784
0.827783
0.827782
0.827781
0.82778
0.827779
0.827778
0.827777
0.827775
0.827774
0.827772
0.827771
0.827769
0.827768
0.827767
0.827767
0.827766
0.827766
0.827766
0.827767
0.827768
0.82777
0.827772
0.827773
0.827775
0.827778
0.827781
0.827785
0.827788
0.82779
0.827792
0.827795
0.827798
0.827799
0.8278
0.827801
0.827801
0.827801
0.827802
0.827804
0.827806
0.827808
0.82781
0.827813
0.827816
0.827818
0.827821
0.827823
0.827826
0.827829
0.827831
0.827834
0.827837
0.827839
0.827841
0.827842
0.827843
0.827843
0.827844
0.827845
0.827847
0.827848
0.82785
0.827852
0.827854
0.827856
0.827858
0.82786
0.827862
0.827864
0.827866
0.827868
0.827871
0.827873
0.827876
0.827878
0.82788
0.827881
0.827883
0.827886
0.827887
0.827888
0.827887
0.827886
0.827885
0.827884
0.827884
0.827883
0.827883
0.827882
0.827882
0.827882
0.827882
0.827882
0.827881
0.82788
0.82788
0.82788
0.82788
0.82788
0.82788
0.82788
0.827881
0.827881
0.82788
0.82788
0.82788
0.82788
0.82788
0.827877
0.827874
0.827871
0.827869
0.827866
0.827864
0.827861
0.827858
0.827855
0.827851
0.827848
0.827846
0.827842
0.827838
0.827833
0.827829
0.827824
0.827819
0.827813
0.827807
0.827801
0.827795
0.82779
0.827785
0.827778
0.82777
0.827763
0.827755
0.827747
0.827739
0.827731
0.827722
0.827714
0.827706
0.827698
0.827689
0.827681
0.827672
0.827663
0.827654
0.827646
0.827637
0.827628
0.827618
0.827609
0.827599
0.82759
0.82758
0.82757
0.82756
0.82755
0.827539
0.827529
0.827519
0.827508
0.827498
0.827487
0.827477
0.827466
0.827457
0.827446
0.827435
0.827424
0.827413
0.827401
0.827391
0.82738
0.827369
0.827358
0.827346
0.827335
0.827324
0.827314
0.827305
0.827297
0.827288
0.827281
0.827273
0.827263
0.827254
0.827245
0.827236
0.827227
0.82722
0.827212
0.827203
0.827195
0.827187
0.827179
0.827171
0.827162
0.827153
0.827143
0.827133
0.827123
0.827113
0.827104
0.827094
0.827084
0.827074
0.827065
0.827054
0.827045
0.827036
0.827026
0.827017
0.827006
0.826996
0.826987
0.826978
0.82697
0.826963
0.826956
0.826949
0.826944
0.826938
0.826933
0.826927
0.826921
0.826915
0.826909
0.826902
0.826897
0.826891
0.826885
0.82688
0.826874
0.826868
0.826862
0.826856
0.82685
0.826844
0.826838
0.826832
0.826826
0.826819
0.826813
0.826807
0.8268
0.826792
0.826784
0.826776
0.82677
0.826764
0.826758
0.826753
0.826748
0.826743
0.826738
0.826733
0.826728
0.826723
0.826719
0.826715
0.82671
0.826705
0.826702
0.826697
0.826695
0.826692
0.82669
0.826688
0.826685
0.826683
0.826681
0.826679
0.826677
0.826676
0.826675
0.826675
0.826674
0.826674
0.826673
0.826673
0.826672
0.826672
0.826671
0.826672
0.826673
0.826675
0.826676
0.826677
0.826678
0.82668
0.826683
0.826685
0.826687
0.826689
0.82669
0.826692
0.826694
0.826696
0.826698
0.8267
0.826703
0.826704
0.826706
0.826707
0.826709
0.826711
0.826714
0.826717
0.82672
0.826725
0.82673
0.826735
0.826738
0.826743
0.826747
0.826751
0.826754
0.826757
0.826762
0.826765
0.826768
0.826771
0.826773
0.826776
0.826779
0.826782
0.826786
0.82679
0.826794
0.826798
0.826803
0.826807
0.826811
0.826816
0.826821
0.826826
0.826831
0.826836
0.826841
0.826847
0.826853
0.826859
0.826866
0.826872
0.826879
0.826887
0.826894
0.826901
0.826908
0.826915
0.826922
0.826929
0.826936
0.826944
0.82695
0.826956
0.826963
0.826969
0.826976
0.826983
0.826991
0.827
0.827008
0.827017
0.827027
0.827035
0.827042
0.827047
0.827052
0.827058
0.827064
0.827069
0.827075
0.827081
0.827087
0.827092
0.827098
0.827103
0.827108
0.827114
0.827119
0.827124
0.827129
0.827135
0.82714
0.827146
0.827151
0.827155
0.827159
0.827162
0.827167
0.827171
0.827174
0.827176
0.82718
0.827183
0.827186
0.827189
0.827192
0.827194
0.827196
0.827198
0.8272
0.827202
0.827204
0.827205
0.827206
0.827207
0.827208
0.82721
0.827211
0.827212
0.827214
0.827214
0.827213
0.827212
0.827211
0.82721
0.827209
0.827209
0.827209
0.82721
0.82721
0.827212
0.827213
0.827214
0.827215
0.827217
0.827218
0.827219
0.827219
0.82722
0.827221
0.827222
0.827223
0.827224
0.827226
0.827228
0.827229
0.827229
0.82723
0.827232
0.827233
0.827234
0.827235
0.827238
0.82724
0.827242
0.827244
0.827247
0.827248
0.82725
0.827251
0.827253
0.827256
0.827258
0.827261
0.827264
0.827267
0.827271
0.827273
0.827275
0.827278
0.82728
0.827282
0.827285
0.827288
0.827292
0.827296
0.827301
0.827305
0.82731
0.827314
0.827318
0.827322
0.827325
0.827329
0.827332
0.827335
0.827339
0.827342
0.827344
0.827346
0.827348
0.82735
0.827352
0.827354
0.827355
0.827357
0.827359
0.82736
0.827361
0.827362
0.827363
0.827365
0.827367
0.827369
0.827371
0.827372
0.827374
0.827375
0.827377
0.827378
0.827379
0.82738
0.827381
0.827383
0.827386
0.827389
0.82739
0.827393
0.827395
0.827397
0.827399
0.827401
0.827401
0.827402
0.827403
0.827403
0.827403
0.827402
0.827402
0.827403
0.827403
0.827405
0.827406
0.827407
0.827408
0.827409
0.82741
0.827411
0.827413
0.827415
0.827418
0.82742
0.827423
0.827425
0.827428
0.82743
0.827433
0.827435
0.827436
0.827437
0.827438
0.82744
0.827442
0.827444
0.827446
0.827448
0.827449
0.82745
0.827452
0.827454
0.827456
0.827459
0.827463
0.827467
0.827471
0.827475
0.827477
0.827481
0.827484
0.827487
0.82749
0.827493
0.827496
0.827499
0.827502
0.827505
0.827509
0.827512
0.827515
0.827519
0.827522
0.827525
0.827529
0.827534
0.827538
0.827544
0.82755
0.827555
0.827561
0.827566
0.827571
0.827576
0.827581
0.827586
0.82759
0.827595
0.8276
0.827605
0.82761
0.827615
0.827621
0.827627
0.827632
0.827637
0.827642
0.827647
0.827652
0.827655
0.827658
0.827662
0.827666
0.82767
0.827674
0.827678
0.827684
0.82769
0.827696
0.827701
0.827707
0.827712
0.827718
0.827723
0.827727
0.827732
0.827736
0.827741
0.827747
0.827753
0.827759
0.827765
0.827771
0.827777
0.827783
0.827788
0.827793
0.827798
0.827804
0.827809
0.827813
0.827818
0.827822
0.827826
0.827829
0.827832
0.827835
0.827838
0.827841
0.827844
0.827849
0.827853
0.827858
0.827862
0.827866
0.82787
0.827872
0.827875
0.827878
0.827881
0.827884
0.827888
0.82789
0.827892
0.827893
0.827895
0.827895
0.827896
0.827896
0.827897
0.827896
0.827894
0.827892
0.827889
0.827887
0.827884
0.827883
0.827882
0.827881
0.827881
0.827881
0.827881
0.82788
0.82788
0.827879
0.827879
0.827879
0.827879
0.827879
0.827879
0.827879
0.827879
0.827881
0.827881
0.827882
0.827883
0.827883
0.827881
0.827879
0.827875
0.827871
0.827867
0.827863
0.827858
0.827853
0.827847
0.827841
0.827833
0.827826
0.827818
0.827811
0.827803
0.827796
0.82779
0.827784
0.827779
0.827773
0.827768
0.827761
0.827754
0.827748
0.827741
0.827735
0.827729
0.827724
0.827717
0.82771
0.827704
0.827697
0.82769
0.827683
0.827675
0.827667
0.827659
0.827651
0.827644
0.827637
0.827629
0.827622
0.827615
0.827609
0.827602
0.827595
0.827588
0.827582
0.827577
0.827571
0.827566
0.82756
0.827555
0.827551
0.827545
0.827539
0.827534
0.827528
0.827522
0.827516
0.827511
0.827506
0.827501
0.827496
0.82749
0.827486
0.827482
0.827479
0.827476
0.827471
0.827466
0.827461
0.827455
0.827451
0.827446
0.827442
0.827438
0.827435
0.827432
0.827428
0.827426
0.827423
0.82742
0.827418
0.827414
0.827411
0.827407
0.827403
0.8274
0.827398
0.827395
0.827394
0.827392
0.82739
0.827388
0.827385
0.827383
0.82738
0.827378
0.827374
0.827369
0.827365
0.82736
0.827356
0.827353
0.82735
0.827348
0.827346
0.827346
0.827346
0.827347
0.827348
0.827349
0.82735
0.827352
0.827353
0.827353
0.827352
0.827352
0.827353
0.827353
0.827354
0.827354
0.827353
0.827354
0.827354
0.827355
0.827355
0.827355
0.827355
0.827354
0.827355
0.827356
0.827356
0.827356
0.827355
0.827354
0.827353
0.827353
0.827352
0.827352
0.827354
0.827355
0.827356
0.827357
0.827359
0.827361
0.827365
0.827369
0.827372
0.827376
0.82738
0.827385
0.82739
0.827395
0.827399
0.827404
0.827409
0.827414
0.82742
0.827425
0.827431
0.827437
0.827443
0.827449
0.827456
0.827462
0.827468
0.827473
0.827478
0.827482
0.827486
0.827489
0.827493
0.827497
0.8275
0.827501
0.827503
0.827505
0.827507
0.827509
0.827512
0.827515
0.827518
0.827522
0.827527
0.827531
0.827535
0.827539
0.827542
0.827545
0.827547
0.827549
0.827551
0.827554
0.827555
0.827556
0.827557
0.827557
0.827558
0.827558
0.827558
0.827558
0.827558
0.827558
0.827558
0.827557
0.827557
0.827556
0.827556
0.827555
0.827554
0.827552
0.82755
0.827547
0.827545
0.827542
0.827539
0.827537
0.827534
0.827532
0.82753
0.827528
0.827526
0.827523
0.827522
0.82752
0.827518
0.827517
0.827516
0.827516
0.827517
0.827518
0.827519
0.827521
0.827523
0.827526
0.827529
0.827532
0.827536
0.827539
0.827543
0.827548
0.827552
0.827557
0.82756
0.827564
0.827568
0.827573
0.827578
0.827583
0.827588
0.827593
0.827597
0.827602
0.827607
0.827612
0.827617
0.827622
0.827626
0.82763
0.827635
0.827639
0.827645
0.82765
0.827656
0.827663
0.827669
0.827675
0.827681
0.827687
0.827693
0.8277
0.827707
0.827715
0.827723
0.82773
0.827738
0.827744
0.82775
0.827756
0.827762
0.827768
0.827774
0.827779
0.827784
0.82779
0.827796
0.827801
0.827806
0.827812
0.827816
0.827821
0.827825
0.827829
0.827833
0.827838
0.827843
0.827848
0.827853
0.827857
0.827861
0.827865
0.827869
0.827872
0.827876
0.82788
0.827883
0.827886
0.827889
0.827891
0.827894
0.827898
0.827901
0.827905
0.827908
0.827911
0.827914
0.827918
0.827921
0.827923
0.827925
0.827927
0.82793
0.827932
0.827934
0.827937
0.827939
0.827941
0.827943
0.827945
0.827947
0.827949
0.827951
0.827953
0.827954
0.827954
0.827955
0.827956
0.827958
0.827959
0.82796
0.827961
0.827963
0.827965
0.827968
0.82797
0.827972
0.827974
0.827977
0.827978
0.82798
0.827983
0.827985
0.827987
0.827989
0.827991
0.827993
0.827994
0.827995
0.827995
0.827996
0.827997
0.827997
0.827997
0.827997
0.827996
0.827997
0.827997
0.827999
0.828
0.828
0.828
0.828
0.827998
0.827997
0.827995
0.827993
0.827991
0.827989
0.827988
0.827987
0.827987
0.827987
0.827989
0.827991
0.827994
0.827999
0.828004
0.828008
0.828012
0.828016
0.82802
0.828024
0.828028
0.828032
0.828037
0.828041
0.828046
0.82805
0.828053
0.828057
0.828061
0.828065
0.828068
0.828072
0.828075
0.828078
0.828081
0.828085
0.828089
0.828092
0.828096
0.828101
0.828104
0.828107
0.828109
0.82811
0.828113
0.828115
0.828116
0.828118
0.82812
0.828121
0.828123
0.828125
0.828126
0.828127
0.828127
0.828128
0.828129
0.82813
0.828129
0.828128
0.828128
0.828127
0.828126
0.828126
0.828126
0.828126
0.828125
0.828124
0.828124
0.828123
0.828121
0.828119
0.828116
0.828114
0.828112
0.828109
0.828106
0.828104
0.828102
0.8281
0.828099
0.828098
0.828098
0.828098
0.828098
0.828098
0.828098
0.828098
0.828097
0.828096
0.828096
0.828096
0.828095
0.828096
0.828095
0.828095
0.828095
0.828094
0.828093
0.828092
0.828092
0.828091
0.828091
0.828091
0.828091
0.828089
0.828087
0.828083
0.828079
0.828074
0.828069
0.828064
0.82806
0.828055
0.828051
0.828045
0.82804
0.828034
0.828028
0.828022
0.828016
0.828011
0.828006
0.828002
0.827997
0.827994
0.82799
0.827986
0.827984
0.827981
0.827979
0.827976
0.827974
0.827972
0.82797
0.827968
0.827965
0.827962
0.827958
0.827954
0.82795
0.827947
0.827943
0.82794
0.827937
0.827933
0.82793
0.827927
0.827923
0.827919
0.827915
0.827911
0.827907
0.827904
0.8279
0.827896
0.827891
0.827886
0.827881
0.827876
0.827872
0.827869
0.827865
0.827861
0.827858
0.827854
0.827851
0.827848
0.827845
0.827841
0.827837
0.827831
0.827826
0.827821
0.827816
0.82781
0.827805
0.8278
0.827795
0.827788
0.827782
0.827776
0.827771
0.827767
0.827762
0.827758
0.827753
0.827749
0.827744
0.827738
0.827733
0.827729
0.827723
0.827717
0.827711
0.827703
0.827696
0.827688
0.827681
0.827673
0.827666
0.827659
0.827652
0.827646
0.827641
0.827636
0.82763
0.827624
0.827618
0.827612
0.827606
0.8276
0.827593
0.827586
0.827578
0.82757
0.827562
0.827554
0.827546
0.827538
0.82753
0.827519
0.827509
0.827499
0.82749
0.82748
0.82747
0.827459
0.827448
0.827437
0.827427
0.827417
0.827407
0.827395
0.827385
0.827373
0.827363
0.827353
0.827343
0.827334
0.827324
0.827315
0.827306
0.827297
0.827288
0.827279
0.827271
0.827262
0.827253
0.827243
0.827235
0.827227
0.827218
0.82721
0.827202
0.827195
0.827188
0.827182
0.827176
0.827171
0.827165
0.82716
0.827154
0.827147
0.827142
0.827138
0.827133
0.827128
0.827122
0.827115
0.827109
0.827103
0.827098
0.827093
0.827087
0.827081
0.827074
0.827068
0.827062
0.827055
0.827049
0.827043
0.827036
0.827028
0.827021
0.827015
0.827009
0.827003
0.826998
0.826992
0.826987
0.826982
0.826977
0.826973
0.826969
0.826963
0.826957
0.826952
0.826948
0.826944
0.82694
0.826935
0.826931
0.826927
0.826923
0.826918
0.826914
0.82691
0.826906
0.826902
0.826897
0.826893
0.826889
0.826886
0.826884
0.826881
0.826878
0.826876
0.826873
0.826871
0.82687
0.826868
0.826867
0.826865
0.826864
0.826862
0.82686
0.826857
0.826854
0.82685
0.826847
0.826843
0.826839
0.826834
0.826829
0.826824
0.826819
0.826814
0.82681
0.826805
0.826802
0.826799
0.826796
0.826793
0.826789
0.826785
0.826781
0.826778
0.826776
0.826774
0.826772
0.826769
0.826767
0.826764
0.826761
0.826759
0.826756
0.826754
0.826752
0.826751
0.826748
0.826747
0.826744
0.82674
0.826736
0.826733
0.82673
0.826727
0.826726
0.826725
0.826724
0.826723
0.826722
0.82672
0.826719
0.826718
0.826717
0.826717
0.826716
0.826715
0.826715
0.826716
0.826716
0.826717
0.826717
0.826717
0.826716
0.826715
0.826714
0.826713
0.826712
0.826712
0.826711
0.826711
0.826712
0.826715
0.826716
0.82672
0.826723
0.826725
0.826728
0.82673
0.826733
0.826736
0.826738
0.826741
0.826742
0.826744
0.826745
0.826745
0.826745
0.826746
0.826746
0.826746
0.826747
0.826748
0.826749
0.826749
0.82675
0.82675
0.826751
0.826751
0.826752
0.826752
0.826751
0.826751
0.826751
0.82675
0.826749
0.826748
0.826747
0.826746
0.826746
0.826746
0.826746
0.826745
0.826745
0.826744
0.826743
0.826742
0.826742
0.82674
0.826739
0.826739
0.826737
0.826736
0.826734
0.826732
0.826731
0.826729
0.826728
0.826726
0.826723
0.826722
0.82672
0.826719
0.826717
0.826715
0.826714
0.826711
0.826709
0.826706
0.826702
0.826698
0.826694
0.82669
0.826685
0.82668
0.826675
0.82667
0.826666
0.826661
0.826657
0.826652
0.826647
0.826641
0.826635
0.82663
0.826624
0.826618
0.826611
0.826603
0.826596
0.826588
0.826581
0.826574
0.826568
0.82656
0.826553
0.826546
0.826538
0.82653
0.826522
0.826514
0.826507
0.826499
0.826492
0.826485
0.826478
0.826472
0.826466
0.82646
0.826455
0.82645
0.826446
0.826441
0.826437
0.826435
0.826432
0.82643
0.826427
0.826424
0.82642
0.826416
0.826413
0.826411
0.826409
0.826408
0.826406
0.826406
0.826405
0.826406
0.826407
0.826408
0.82641
0.826412
0.826414
0.826417
0.82642
0.826422
0.826426
0.826428
0.82643
0.826431
0.826432
0.826434
0.826436
0.826438
0.82644
0.826443
0.826445
0.826448
0.826452
0.826455
0.826458
0.826462
0.826466
0.826469
0.826474
0.826478
0.826483
0.826488
0.826493
0.826497
0.826503
0.826509
0.826516
0.826523
0.826529
0.826536
0.826544
0.826551
0.826558
0.826565
0.826571
0.826577
0.826583
0.826589
0.826595
0.826601
0.826606
0.826612
0.826618
0.826623
0.826629
0.826635
0.826642
0.826649
0.826655
0.826661
0.826668
0.826675
0.826682
0.826688
0.826693
0.826699
0.826704
0.826709
0.826713
0.826717
0.826721
0.826724
0.826727
0.826729
0.826732
0.826735
0.826739
0.826742
0.826745
0.826748
0.826751
0.826755
0.826758
0.826762
0.826766
0.826769
0.826773
0.826776
0.82678
0.826784
0.826789
0.826795
0.826801
0.826806
0.82681
0.826814
0.826817
0.82682
0.826823
0.826826
0.826828
0.826831
0.826834
0.826838
0.82684
0.826843
0.826845
0.826847
0.82685
0.826852
0.826854
0.826857
0.82686
0.826862
0.826865
0.826868
0.826871
0.826876
0.826881
0.826886
0.82689
0.826894
0.826898
0.826902
0.826905
0.82691
0.826914
0.826919
0.826924
0.826927
0.82693
0.826933
0.826936
0.826938
0.826939
0.826941
0.826943
0.826945
0.826947
0.82695
0.826952
0.826954
0.826957
0.82696
0.826963
0.826967
0.826971
0.826975
0.826978
0.826981
0.826983
0.826985
0.826986
0.826988
0.82699
0.826992
0.826995
0.826996
0.826998
0.827
0.827001
0.827002
0.827004
0.827006
0.827008
0.82701
0.827013
0.827016
0.82702
0.827024
0.827028
0.827033
0.827036
0.827041
0.827045
0.82705
0.827055
0.82706
0.827063
0.827067
0.82707
0.827073
0.827075
0.827077
0.827079
0.82708
0.827081
0.827082
0.827082
0.827083
0.827083
0.827083
0.827083
0.827083
0.827084
0.827086
0.827087
0.827091
0.827094
0.827098
0.827104
0.827109
0.827114
0.82712
0.827125
0.82713
0.827135
0.82714
0.827145
0.82715
0.827154
0.827158
0.827163
0.827167
0.827172
0.827178
0.827183
0.827189
0.827193
0.827197
0.827201
0.827206
0.82721
0.827215
0.82722
0.827225
0.82723
0.827234
0.827238
0.827242
0.827247
0.827252
0.827257
0.827262
0.827268
0.827274
0.827279
0.827285
0.827291
0.827297
0.827302
0.827307
0.827314
0.827321
0.827328
0.827335
0.827341
0.827347
0.827353
0.827358
0.827363
0.827368
0.827373
0.827378
0.827383
0.827388
0.827392
0.827396
0.8274
0.827404
0.827408
0.827412
0.827416
0.827419
0.827422
0.827425
0.827428
0.827431
0.827434
0.827438
0.827442
0.827446
0.827449
0.827453
0.827457
0.827462
0.827467
0.827472
0.827477
0.827482
0.827486
0.82749
0.827494
0.827497
0.8275
0.827504
0.827507
0.82751
0.827514
0.827519
0.827524
0.827528
0.827532
0.827537
0.827541
0.827545
0.827549
0.827553
0.827558
0.827563
0.827567
0.827572
0.827577
0.827583
0.827589
0.827596
0.827604
0.827612
0.827621
0.82763
0.827641
0.827651
0.827662
0.827674
0.827686
0.827699
0.827713
0.827726
0.827738
0.827749
0.827762
0.827773
0.827783
0.827793
0.827802
0.827811
0.82782
0.827829
0.827838
0.827847
0.827855
0.827862
0.827869
0.827877
0.827886
0.827894
0.827902
0.82791
0.827919
0.827926
0.827934
0.827942
0.827949
0.827955
0.827961
0.827966
0.82797
0.827975
0.827979
0.827983
0.827986
0.827991
0.827996
0.828001
0.828007
0.828013
0.828018
0.828024
0.828029
0.828033
0.828038
0.828042
0.828047
0.828051
0.828055
0.82806
0.828064
0.828068
0.828071
0.828074
0.828076
0.828077
0.828079
0.828081
0.828082
0.828083
0.828084
0.828085
0.828085
0.828084
0.828082
0.82808
0.828078
0.828075
0.828071
0.828066
0.828061
0.828056
0.828051
0.828046
0.82804
0.828033
0.828026
0.828017
0.828008
0.827998
0.827989
0.827979
0.82797
0.827961
0.827952
0.827943
0.827933
0.827922
0.827913
0.827903
0.827893
0.827882
0.827873
0.827864
0.827854
0.827843
0.827832
0.827822
0.827813
0.827804
0.827795
0.827787
0.827777
0.827768
0.827759
0.82775
0.827741
0.827732
0.827723
0.827715
0.827707
0.827699
0.82769
0.827681
0.827672
0.827662
0.827653
0.827643
0.827635
0.827627
0.827619
0.827611
0.827605
0.827599
0.827593
0.827587
0.827581
0.827575
0.827569
0.827563
0.827558
0.827553
0.827548
0.827543
0.827538
0.827534
0.827529
0.827525
0.82752
0.827515
0.827509
0.827503
0.827497
0.82749
0.827482
0.827474
0.827466
0.827458
0.82745
0.827442
0.827434
0.827427
0.82742
0.827413
0.827407
0.8274
0.827394
0.827388
0.827382
0.827377
0.82737
0.827363
0.827357
0.827351
0.827344
0.827337
0.827329
0.827322
0.827316
0.827308
0.827301
0.827293
0.827285
0.827276
0.827268
0.827259
0.827251
0.827242
0.827233
0.827225
0.827216
0.827207
0.827198
0.827191
0.827183
0.827176
0.827169
0.827161
0.827154
0.827148
0.827142
0.827137
0.827131
0.827126
0.827119
0.827113
0.827108
0.827103
0.827098
0.827094
0.827089
0.827084
0.827079
0.827074
0.827068
0.827062
0.827057
0.827051
0.827045
0.827039
0.827033
0.827026
0.827019
0.827012
0.827006
0.827
0.826993
0.826986
0.82698
0.826974
0.826968
0.826964
0.826959
0.826954
0.82695
0.826946
0.826941
0.826937
0.826931
0.826926
0.826923
0.826918
0.826915
0.826911
0.826908
0.826905
0.826903
0.8269
0.826897
0.826895
0.826894
0.826892
0.826891
0.826888
0.826887
0.826887
0.826888
0.82689
0.826892
0.826894
0.826895
0.826896
0.826897
0.826898
0.8269
0.826903
0.826905
0.826908
0.826911
0.826915
0.826918
0.826921
0.826924
0.826928
0.82693
0.826933
0.826936
0.826938
0.82694
0.826942
0.826943
0.826943
0.826944
0.826946
0.826948
0.826949
0.826952
0.826953
0.826955
0.826956
0.826957
0.826959
0.82696
0.826961
0.826961
0.826961
0.82696
0.826958
0.826957
0.826956
0.826953
0.826952
0.826951
0.82695
0.826951
0.826951
0.826951
0.826951
0.826951
0.826952
0.826952
0.826953
0.826953
0.826954
0.826953
0.826953
0.826952
0.826953
0.826952
0.826952
0.826952
0.826952
0.826952
0.826951
0.826951
0.826949
0.826948
0.826947
0.826946
0.826946
0.826947
0.826948
0.826948
0.826949
0.82695
0.826949
0.826949
0.826949
0.826947
0.826946
0.826944
0.826943
0.826943
0.826943
0.826943
0.826944
0.826944
0.826944
0.826944
0.826945
0.826946
0.826947
0.826947
0.826948
0.826949
0.826949
0.82695
0.826951
0.826951
0.826952
0.826952
0.826952
0.826952
0.826951
0.82695
0.826951
0.826951
0.826952
0.826953
0.826954
0.826954
0.826955
0.826956
0.826955
0.826956
0.826956
0.826955
0.826955
0.826955
0.826955
0.826956
0.826956
0.826957
0.826956
0.826956
0.826955
0.826955
0.826957
0.82696
0.826961
0.826963
0.826965
0.826969
0.826972
0.826976
0.826979
0.826983
0.826987
0.82699
0.826994
0.826999
0.827001
0.827002
0.827004
0.827005
0.827006
0.827006
0.827008
0.82701
0.827011
0.827012
0.827014
0.827015
0.827016
0.827016
0.827017
0.827017
0.827016
0.827015
0.827014
0.827013
0.827011
0.827009
0.827006
0.827004
0.827001
0.826999
0.826998
0.826996
0.826996
0.826995
0.826993
0.826992
0.826991
0.82699
0.826989
0.826987
0.826985
0.826983
0.826981
0.82698
0.826978
0.826976
0.826975
0.826975
0.826975
0.826975
0.826975
0.826975
0.826974
0.826973
0.826973
0.826974
0.826976
0.826977
0.826978
0.826979
0.826981
0.826983
0.826984
0.826985
0.826985
0.826985
0.826984
0.826983
0.826982
0.82698
0.826978
0.826977
0.826974
0.826973
0.82697
0.826968
0.826966
0.826964
0.826963
0.826962
0.826963
0.826963
0.826963
0.826965
0.826965
0.826965
0.826965
0.826965
0.826965
0.826965
0.826966
0.826966
0.826968
0.826969
0.826971
0.826973
0.826975
0.826978
0.82698
0.826982
0.826985
0.826988
0.826991
0.826995
0.826998
0.827001
0.827004
0.827006
0.82701
0.827015
0.827019
0.827025
0.82703
0.827034
0.82704
0.827045
0.827051
0.827056
0.827062
0.827068
0.827073
0.827078
0.827084
0.82709
0.827095
0.827101
0.827106
0.827109
0.827114
0.827118
0.827122
0.827126
0.827131
0.827135
0.827138
0.827142
0.827147
0.827151
0.827156
0.82716
0.827162
0.827165
0.827167
0.827169
0.82717
0.827171
0.827172
0.827172
0.827172
0.827173
0.827174
0.827174
0.827175
0.827175
0.827176
0.827176
0.827177
0.827179
0.82718
0.827181
0.827183
0.827186
0.827189
0.827191
0.827193
0.827196
0.827198
0.8272
0.827203
0.827207
0.82721
0.827214
0.827218
0.827221
0.827225
0.827228
0.827232
0.827236
0.827239
0.827243
0.827247
0.827253
0.827258
0.827264
0.827269
0.827275
0.827281
0.827286
0.827291
0.827296
0.8273
0.827305
0.82731
0.827315
0.82732
0.827326
0.827332
0.827338
0.827343
0.82735
0.827357
0.827363
0.82737
0.827376
0.827382
0.827386
0.827389
0.827393
0.827395
0.827398
0.827399
0.827401
0.827402
0.827404
0.827407
0.827409
0.827411
0.827413
0.827414
0.827417
0.827419
0.827421
0.827424
0.827427
0.82743
0.827434
0.827438
0.827442
0.827447
0.827454
0.82746
0.827467
0.827473
0.827479
0.827485
0.82749
0.827496
0.827501
0.827505
0.827509
0.827513
0.827517
0.827522
0.827526
0.82753
0.827533
0.827536
0.827539
0.827542
0.827544
0.827546
0.827548
0.827549
0.82755
0.827552
0.827554
0.827556
0.827557
0.827558
0.827559
0.82756
0.827561
0.827562
0.827562
0.827563
0.827563
0.827564
0.827564
0.827564
0.827563
0.827563
0.827562
0.82756
0.827558
0.827557
0.827556
0.827556
0.827555
0.827554
0.827553
0.827552
0.82755
0.827548
0.827547
0.827545
0.827542
0.827541
0.827539
0.827539
0.827538
0.827539
0.827539
0.827539
0.827541
0.827542
0.827544
0.827547
0.827549
0.827552
0.827554
0.827556
0.827558
0.827561
0.827563
0.827566
0.827568
0.82757
0.827573
0.827576
0.827579
0.827583
0.827586
0.82759
0.827594
0.827598
0.827603
0.827608
0.827612
0.827615
0.827618
0.82762
0.827623
0.827625
0.827627
0.827628
0.82763
0.827631
0.827632
0.827634
0.827635
0.827637
0.827637
0.827636
0.827635
0.827634
0.827633
0.827633
0.827632
0.827632
0.827631
0.82763
0.827629
0.827628
0.827627
0.827627
0.827626
0.827626
0.827626
0.827627
0.827628
0.827629
0.82763
0.827631
0.827632
0.827633
0.827633
0.827635
0.827637
0.827637
0.827638
0.827639
0.82764
0.82764
0.827639
0.827638
0.827638
0.827637
0.827636
0.827636
0.827637
0.827637
0.827637
0.827635
0.827633
0.82763
0.827628
0.827626
0.827623
0.827622
0.82762
0.827618
0.827616
0.827613
0.827611
0.827609
0.827608
0.827607
0.827605
0.827603
0.827601
0.827598
0.827596
0.827593
0.827589
0.827586
0.827581
0.827577
0.827571
0.827565
0.827559
0.827552
0.827545
0.827537
0.827531
0.827524
0.827516
0.827509
0.827502
0.827496
0.82749
0.827484
0.827479
0.827473
0.827468
0.827463
0.827457
0.827452
0.827447
0.827443
0.827439
0.827436
0.827433
0.827429
0.827426
0.827422
0.827418
0.827413
0.827409
0.827405
0.827401
0.827398
0.827397
0.827395
0.827394
0.827393
0.827393
0.827392
0.827392
0.827392
0.827392
0.827393
0.827394
0.827396
0.827397
0.827398
0.8274
0.827402
0.827405
0.827408
0.827409
0.827412
0.827414
0.827415
0.827416
0.827417
0.82742
0.827422
0.827425
0.827428
0.827431
0.827434
0.827438
0.827441
0.827445
0.827447
0.82745
0.827454
0.827457
0.82746
0.827462
0.827465
0.827468
0.82747
0.827471
0.827473
0.827476
0.827478
0.82748
0.827483
0.827486
0.827489
0.827492
0.827495
0.827498
0.827501
0.827504
0.827507
0.82751
0.82751
0.82751
0.827511
0.827512
0.827514
0.827516
0.827518
0.82752
0.827522
0.827524
0.827527
0.82753
0.827534
0.827537
0.82754
0.827543
0.827546
0.827549
0.827552
0.827554
0.827556
0.827559
0.827561
0.827563
0.827566
0.82757
0.827573
0.827576
0.827578
0.82758
0.827582
0.827584
0.827587
0.827589
0.827592
0.827594
0.827597
0.827599
0.827602
0.827604
0.827607
0.827609
0.827611
0.827613
0.827615
0.827616
0.827618
0.82762
0.827621
0.827623
0.827623
0.827624
0.827624
0.827625
0.827626
0.827627
0.827628
0.827629
0.82763
0.82763
0.827631
0.827631
0.827632
0.827632
0.827631
0.827631
0.827631
0.827631
0.82763
0.82763
0.827628
0.827627
0.827626
0.827624
0.827623
0.827622
0.827621
0.827619
0.827617
0.827616
0.827614
0.827612
0.827611
0.82761
0.82761
0.827609
0.827608
0.827607
0.827606
0.827605
0.827605
0.827605
0.827605
0.827606
0.827606
0.827607
0.827608
0.827608
0.82761
0.827613
0.827618
0.827623
0.827627
0.827632
0.827635
0.82764
0.827643
0.827647
0.827651
0.827654
0.827658
0.827661
0.827665
0.827667
0.827671
0.827675
0.827677
0.827679
0.827681
0.827684
0.827687
0.827691
0.827695
0.827699
0.827701
0.827704
0.827706
0.827707
0.827709
0.82771
0.827711
0.827712
0.827712
0.827713
0.827712
0.827711
0.827711
0.82771
0.82771
0.82771
0.82771
0.82771
0.82771
0.82771
0.827711
0.82771
0.82771
0.82771
0.827711
0.827711
0.827711
0.827711
0.827711
0.82771
0.827709
0.827707
0.827705
0.827702
0.827698
0.827695
0.827692
0.827689
0.827687
0.827685
0.827683
0.827681
0.82768
0.82768
0.827679
0.827678
0.827677
0.827676
0.827675
0.827675
0.827675
0.827675
0.827675
0.827675
0.827675
0.827674
0.827675
0.827676
0.827676
0.827676
0.827675
0.827675
0.827675
0.827674
0.827675
0.827674
0.827673
0.827672
0.827671
0.827669
0.827666
0.827664
0.827662
0.82766
0.827658
0.827655
0.827652
0.827649
0.827645
0.827642
0.827639
0.827636
0.827633
0.82763
0.827626
0.827622
0.827618
0.827614
0.82761
0.827606
0.827603
0.827601
0.8276
0.827598
0.827598
0.827597
0.827595
0.827594
0.827592
0.82759
0.827589
0.827588
0.827586
0.827585
0.827584
0.827583
0.827582
0.82758
0.827578
0.827576
0.827573
0.82757
0.827566
0.827563
0.82756
0.827557
0.827554
0.827551
0.827547
0.827543
0.827539
0.827536
0.827532
0.827528
0.827524
0.827522
0.827519
0.827517
0.827514
0.827511
0.827508
0.827505
0.827501
0.827498
0.827495
0.827492
0.827489
0.827487
0.827485
0.827482
0.82748
0.827477
0.827474
0.82747
0.827466
0.827462
0.827459
0.827455
0.827451
0.827447
0.827442
0.827437
0.827432
0.827427
0.827422
0.827417
0.827412
0.827407
0.827402
0.827397
0.827392
0.827387
0.827383
0.827378
0.827373
0.827368
0.827362
0.827357
0.827352
0.827347
0.827343
0.827338
0.827333
0.827327
0.827322
0.827316
0.827309
0.827303
0.827297
0.827292
0.827287
0.827282
0.827276
0.827271
0.827265
0.827259
0.827253
0.827248
0.827244
0.827239
0.827235
0.827231
0.827226
0.827222
0.827218
0.827215
0.827212
0.827209
0.827207
0.827204
0.827202
0.8272
0.827199
0.827197
0.827195
0.827194
0.827193
0.827192
0.827189
0.827186
0.827183
0.82718
0.827178
0.827176
0.827175
0.827174
0.827174
0.827172
0.82717
0.827168
0.827165
0.827162
0.827159
0.827156
0.827153
0.827151
0.827149
0.827146
0.827144
0.827142
0.827139
0.827138
0.827136
0.827134
0.82713
0.827127
0.827123
0.82712
0.827116
0.827112
0.827108
0.827105
0.827102
0.827099
0.827096
0.827092
0.827089
0.827088
0.827086
0.827085
0.827083
0.827082
0.827081
0.82708
0.827079
0.827079
0.827079
0.827078
0.827078
0.827077
0.827075
0.827074
0.827072
0.827072
0.82707
0.827069
0.827068
0.827066
0.827064
0.827062
0.827059
0.827057
0.827053
0.827049
0.827044
0.827038
0.827033
0.827027
0.827021
0.827017
0.827013
0.827009
0.827005
0.827001
0.826997
0.826994
0.82699
0.826987
0.826984
0.826981
0.82698
0.826978
0.826976
0.826974
0.826973
0.826971
0.826969
0.826967
0.826966
0.826964
0.826962
0.826961
0.826959
0.826958
0.826956
0.826954
0.826953
0.826952
0.826951
0.826952
0.826952
0.826953
0.826953
0.826954
0.826955
0.826956
0.826959
0.826961
0.826963
0.826966
0.826969
0.826971
0.826974
0.826977
0.82698
0.826984
0.826987
0.826991
0.826996
0.827001
0.827005
0.827009
0.827014
0.827018
0.827023
0.827028
0.827034
0.827041
0.827047
0.827054
0.82706
0.827065
0.827071
0.827078
0.827084
0.827089
0.827096
0.827102
0.827107
0.827113
0.827119
0.827125
0.827132
0.827139
0.827146
0.827154
0.827161
0.827169
0.827177
0.827184
0.82719
0.827196
0.827201
0.827206
0.827212
0.827218
0.827224
0.82723
0.827237
0.827244
0.827252
0.82726
0.827266
0.827272
0.827277
0.827283
0.827288
0.827293
0.827299
0.827304
0.82731
0.827315
0.82732
0.827326
0.827332
0.827338
0.827344
0.82735
0.827356
0.827362
0.827369
0.827376
0.827385
0.827393
0.827403
0.827412
0.827421
0.827427
0.827434
0.827443
0.827452
0.827461
0.827469
0.827478
0.827487
0.827495
0.827504
0.827512
0.82752
0.827528
0.827537
0.827546
0.827554
0.827564
0.827573
0.827582
0.82759
0.8276
0.827608
0.827617
0.827625
0.827633
0.827642
0.827651
0.82766
0.82767
0.827679
0.827688
0.827697
0.827706
0.827715
0.827724
0.827733
0.827742
0.827753
0.827763
0.827773
0.827783
0.827792
0.8278
0.827808
0.827816
0.827824
0.827833
0.827841
0.827849
0.827858
0.827867
0.827875
0.827883
0.82789
0.827897
0.827904
0.827912
0.82792
0.827926
0.827932
0.827937
0.827943
0.827949
0.827955
0.827961
0.827966
0.827971
0.827976
0.82798
0.827984
0.827988
0.827991
0.827995
0.827999
0.828003
0.828008
0.828011
0.828015
0.828019
0.828022
0.828025
0.828026
0.828028
0.828028
0.828028
0.828027
0.828026
0.828024
0.828021
0.828019
0.828017
0.828015
0.828012
0.828008
0.828004
0.827999
0.827994
0.827988
0.827983
0.827977
0.827972
0.827966
0.827961
0.827957
0.827953
0.827949
0.827944
0.827939
0.827934
0.827928
0.827922
0.827915
0.827909
0.827903
0.827896
0.827891
0.827885
0.827881
0.827876
0.827871
0.827866
0.827862
0.827859
0.827856
0.827853
0.82785
0.827846
0.827842
0.827837
0.827833
0.82783
0.827826
0.827823
0.827818
0.827812
0.827807
0.827802
0.827797
0.827793
0.827789
0.827784
0.827779
0.827773
0.827768
0.827762
0.827756
0.82775
0.827743
0.827737
0.827731
0.827725
0.82772
0.827714
0.827709
0.827704
0.827699
0.827693
0.827687
0.827681
0.827676
0.82767
0.827664
0.827659
0.827653
0.827648
0.827643
0.827639
0.827635
0.827631
0.827627
0.827623
0.82762
0.827617
0.827615
0.827614
0.827612
0.82761
0.827609
0.827608
0.827607
0.827605
0.827603
0.827602
0.8276
0.827599
0.827598
0.827597
0.827598
0.827597
0.827597
0.827595
0.827592
0.82759
0.827589
0.827587
0.827586
0.827584
0.827583
0.827581
0.82758
0.827578
0.827577
0.827575
0.827574
0.827573
0.827572
0.827571
0.82757
0.82757
0.827569
0.82757
0.82757
0.827568
0.827566
0.827565
0.827564
0.827563
0.827562
0.827561
0.827559
0.827557
0.827553
0.827548
0.827544
0.827541
0.827537
0.827533
0.827528
0.827523
0.827519
0.827514
0.827509
0.827505
0.827501
0.827497
0.827493
0.827489
0.827484
0.827478
0.827472
0.827467
0.827462
0.827457
0.827453
0.827449
0.827446
0.827443
0.82744
0.827437
0.827434
0.827431
0.827428
0.827424
0.827422
0.82742
0.827419
0.827416
0.827413
0.827409
0.827406
0.827402
0.827399
0.827395
0.82739
0.827384
0.827378
0.827373
0.827367
0.82736
0.827353
0.827347
0.827339
0.827331
0.827323
0.827315
0.827307
0.827299
0.82729
0.827283
0.827276
0.827268
0.82726
0.827253
0.827245
0.827238
0.82723
0.827224
0.827219
0.827213
0.827206
0.8272
0.827193
0.827186
0.82718
0.827173
0.827166
0.827159
0.827151
0.827143
0.827135
0.827129
0.827122
0.827116
0.827108
0.827101
0.827094
0.827087
0.827081
0.827075
0.827069
0.827064
0.827059
0.827054
0.827049
0.827044
0.827038
0.827033
0.827029
0.827026
0.827022
0.827019
0.827016
0.827013
0.827011
0.827008
0.827004
0.827
0.826996
0.826992
0.826988
0.826985
0.826982
0.826979
0.826978
0.826976
0.826974
0.826971
0.826969
0.826968
0.826967
0.826965
0.826965
0.826965
0.826965
0.826964
0.826962
0.82696
0.826957
0.826954
0.826952
0.82695
0.826947
0.826945
0.826943
0.82694
0.826939
0.826937
0.826935
0.826933
0.826931
0.82693
0.826927
0.826924
0.826921
0.826918
0.826914
0.82691
0.826907
0.826904
0.826901
0.826899
0.826896
0.826893
0.826889
0.826885
0.826881
0.826877
0.826874
0.826872
0.826869
0.826868
0.826867
0.826865
0.826864
0.826863
0.826861
0.826861
0.82686
0.82686
0.82686
0.826859
0.826859
0.826859
0.82686
0.82686
0.826861
0.826863
0.826865
0.826867
0.826869
0.826871
0.826873
0.826875
0.826876
0.826879
0.826881
0.826883
0.826885
0.826886
0.826887
0.826888
0.826889
0.826891
0.826893
0.826894
0.826895
0.826895
0.826895
0.826895
0.826895
0.826896
0.826895
0.826895
0.826895
0.826896
0.826897
0.826897
0.826897
0.826897
0.826896
0.826897
0.826899
0.826899
0.8269
0.826901
0.826901
0.8269
0.8269
0.826899
0.826897
0.826896
0.826895
0.826894
0.826894
0.826893
0.826892
0.826891
0.82689
0.826892
0.826893
0.826895
0.826898
0.826901
0.826902
0.826904
0.826905
0.826906
0.826907
0.826909
0.826912
0.826914
0.826916
0.826919
0.826922
0.826923
0.826923
0.826923
0.826923
0.826924
0.826924
0.826925
0.826926
0.826927
0.826928
0.82693
0.82693
0.82693
0.826932
0.826932
0.826933
0.826935
0.826935
0.826936
0.826936
0.826936
0.826936
0.826936
0.826936
0.826937
0.826938
0.82694
0.826941
0.826943
0.826944
0.826946
0.826948
0.82695
0.826952
0.826954
0.826958
0.826962
0.826965
0.826969
0.826973
0.826976
0.82698
0.826984
0.826988
0.826993
0.826998
0.827002
0.827007
0.827012
0.827017
0.827022
0.827026
0.827031
0.827037
0.827042
0.827048
0.827054
0.827058
0.827062
0.827065
0.827069
0.827072
0.827076
0.82708
0.827084
0.827088
0.827093
0.827097
0.827101
0.827105
0.827108
0.827111
0.827114
0.827118
0.827123
0.827127
0.827131
0.827136
0.827141
0.827146
0.827152
0.827157
0.827163
0.827168
0.827174
0.82718
0.827187
0.827193
0.827198
0.827203
0.82721
0.827216
0.827222
0.827229
0.827234
0.827239
0.827244
0.82725
0.827255
0.827261
0.827267
0.827273
0.827279
0.827286
0.827292
0.827298
0.827305
0.827311
0.827318
0.827323
0.82733
0.827336
0.827342
0.827346
0.827351
0.827355
0.827359
0.827362
0.827365
0.827368
0.827371
0.827375
0.827379
0.827383
0.827385
0.827388
0.827392
0.827396
0.8274
0.827404
0.827409
0.827413
0.827417
0.82742
0.827423
0.827426
0.827429
0.827432
0.827434
0.827436
0.827438
0.827441
0.827444
0.827448
0.827452
0.827456
0.827459
0.827462
0.827465
0.827469
0.827474
0.827481
0.827487
0.827493
0.827499
0.827506
0.827512
0.827518
0.827525
0.827532
0.82754
0.827548
0.827556
0.827565
0.827574
0.827583
0.827592
0.8276
0.827607
0.827613
0.827618
0.827623
0.827628
0.827633
0.827637
0.827641
0.827645
0.827648
0.82765
0.827652
0.827652
0.827654
0.827654
0.827653
0.827652
0.827651
0.82765
0.827649
0.827649
0.827649
0.827648
0.827646
0.827645
0.827645
0.827645
0.827645
0.827644
0.827644
0.827643
0.827643
0.827642
0.827642
0.827641
0.82764
0.827637
0.827636
0.827633
0.827631
0.827628
0.827626
0.827623
0.827622
0.827621
0.827621
0.82762
0.827619
0.827617
0.827616
0.827614
0.827612
0.827609
0.827606
0.827602
0.827599
0.827595
0.827592
0.82759
0.827589
0.827588
0.827587
0.827586
0.827585
0.827583
0.827582
0.827581
0.82758
0.82758
0.827579
0.827579
0.827578
0.827577
0.827578
0.827577
0.827576
0.827576
0.827575
0.827574
0.827575
0.827575
0.827576
0.827575
0.827575
0.827575
0.827575
0.827575
0.827575
0.827577
0.827578
0.827578
0.827578
0.827578
0.827578
0.827579
0.827579
0.82758
0.827581
0.827581
0.827583
0.827584
0.827584
0.827584
0.827585
0.827585
0.827585
0.827584
0.827583
0.827584
0.827583
0.827584
0.827585
0.827585
0.827586
0.827588
0.827591
0.827594
0.827596
0.827598
0.827599
0.8276
0.827601
0.827602
0.827603
0.827604
0.827606
0.827608
0.82761
0.827611
0.827613
0.827615
0.827616
0.827617
0.827618
0.827618
0.827618
0.827617
0.827617
0.827617
0.827617
0.82762
0.827622
0.827624
0.827627
0.82763
0.827633
0.827637
0.827642
0.827646
0.827649
0.827653
0.827657
0.82766
0.827663
0.827666
0.827669
0.827672
0.827675
0.827678
0.82768
0.827683
0.827687
0.827691
0.827696
0.8277
0.827703
0.827706
0.827709
0.827711
0.827713
0.827715
0.827717
0.827719
0.827721
0.827722
0.827725
0.827728
0.827729
0.827731
0.827732
0.827734
0.827735
0.827736
0.827736
0.827736
0.827738
0.827738
0.827738
0.827738
0.827737
0.827737
0.827736
0.827735
0.827735
0.827734
0.827736
0.827736
0.827737
0.827737
0.827737
0.827738
0.827739
0.827741
0.827741
0.827742
0.827744
0.827746
0.827748
0.827751
0.827754
0.827757
0.827758
0.827759
0.82776
0.827761
0.827762
0.827763
0.827764
0.827765
0.827765
0.827764
0.827764
0.827766
0.827767
0.827768
0.827769
0.82777
0.82777
0.827769
0.827769
0.827769
0.827769
0.82777
0.827771
0.827772
0.827773
0.827776
0.827779
0.827781
0.827783
0.827786
0.827789
0.827792
0.827795
0.827798
0.827801
0.827802
0.827803
0.827804
0.827803
0.827804
0.827803
0.827804
0.827805
0.827805
0.827806
0.827807
0.827809
0.827811
0.827812
0.827814
0.827815
0.827817
0.827818
0.827819
0.82782
0.827821
0.827822
0.827824
0.827825
0.827827
0.827828
0.82783
0.827834
0.827837
0.82784
0.827844
0.827847
0.827849
0.827852
0.827854
0.827856
0.827859
0.827861
0.827863
0.827864
0.827864
0.827864
0.827865
0.827866
0.827866
0.827867
0.827867
0.827866
0.827866
0.827865
0.827865
0.827863
0.827861
0.827859
0.827857
0.827855
0.827854
0.827853
0.827852
0.827851
0.82785
0.827848
0.827846
0.827844
0.827842
0.827839
0.827837
0.827834
0.827833
0.827831
0.82783
0.827829
0.827828
0.827827
0.827825
0.827824
0.827824
0.827824
0.827823
0.827822
0.827821
0.827819
0.827816
0.827814
0.827814
0.827813
0.827813
0.827814
0.827814
0.827814
0.827813
0.827812
0.827812
0.827811
0.827811
0.827811
0.827811
0.827811
0.82781
0.82781
0.827809
0.827807
0.827805
0.827804
0.827803
0.827802
0.827801
0.8278
0.8278
0.827799
0.827799
0.827798
0.827798
0.827797
0.827797
0.827796
0.827796
0.827796
0.827797
0.827796
0.827797
0.827796
0.827796
0.827796
0.827795
0.827796
0.827797
0.827797
0.827797
0.827796
0.827795
0.827795
0.827794
0.827794
0.827793
0.827793
0.827794
0.827794
0.827794
0.827795
0.827796
0.827799
0.827801
0.827803
0.827804
0.827807
0.827809
0.827811
0.827813
0.827814
0.827815
0.827816
0.827818
0.827819
0.827819
0.82782
0.827822
0.827823
0.827826
0.827828
0.827831
0.827834
0.827836
0.827837
0.827838
0.827838
0.827836
0.827834
0.827832
0.827831
0.827829
0.827826
0.827824
0.827822
0.82782
0.827818
0.827816
0.827814
0.827811
0.827809
0.827807
0.827806
0.827803
0.827801
0.827798
0.827794
0.827789
0.827784
0.827777
0.827769
0.827761
0.827753
0.827746
0.827737
0.827728
0.82772
0.827711
0.8277
0.827691
0.827682
0.827672
0.827664
0.827656
0.827648
0.82764
0.827633
0.827627
0.827622
0.827616
0.827612
0.827607
0.827601
0.827596
0.827591
0.827585
0.827579
0.827573
0.827568
0.827563
0.827558
0.827553
0.827548
0.827544
0.827539
0.827535
0.827531
0.827526
0.827521
0.827517
0.827512
0.827508
0.827504
0.8275
0.827496
0.827492
0.827488
0.827485
0.827483
0.827481
0.827479
0.827476
0.827474
0.827471
0.827469
0.827466
0.827463
0.82746
0.827456
0.827453
0.827449
0.827446
0.827443
0.82744
0.827437
0.827434
0.827431
0.827427
0.827424
0.82742
0.827416
0.827412
0.827408
0.827405
0.827402
0.827398
0.827394
0.827391
0.827388
0.827386
0.827385
0.827383
0.827381
0.827378
0.827376
0.827372
0.82737
0.827368
0.827366
0.827364
0.827362
0.827361
0.827359
0.827358
0.827357
0.827355
0.827354
0.827353
0.827353
0.827353
0.827354
0.827354
0.827354
0.827353
0.827353
0.827352
0.827352
0.827352
0.827353
0.827352
0.827352
0.827352
0.827351
0.82735
0.82735
0.82735
0.827349
0.827348
0.827348
0.827348
0.827348
0.827347
0.827347
0.827345
0.827344
0.827343
0.827342
0.827342
0.827342
0.827342
0.827341
0.827341
0.827342
0.827343
0.827344
0.827345
0.827347
0.82735
0.827354
0.827357
0.827362
0.827366
0.827371
0.827375
0.827379
0.827383
0.827386
0.827388
0.827391
0.827393
0.827394
0.827397
0.8274
0.827402
0.827404
0.827406
0.827408
0.827411
0.827414
0.827416
0.827418
0.827421
0.827422
0.827423
0.827424
0.827425
0.827426
0.827426
0.827426
0.827427
0.827429
0.82743
0.82743
0.827431
0.827431
0.827432
0.827433
0.827435
0.827436
0.827437
0.827439
0.827441
0.827444
0.827448
0.827451
0.827455
0.827458
0.82746
0.827462
0.827464
0.827466
0.82747
0.827473
0.827476
0.827479
0.827481
0.827484
0.827484
0.827485
0.827485
0.827485
0.827485
0.827486
0.827486
0.827486
0.827485
0.827486
0.827485
0.827485
0.827484
0.827484
0.827485
0.827485
0.827485
0.827486
0.827486
0.827485
0.827482
0.827479
0.827476
0.827472
0.827468
0.827464
0.827462
0.827459
0.827457
0.827455
0.827453
0.827451
0.82745
0.827449
0.827447
0.827445
0.827442
0.827441
0.827439
0.827438
0.827437
0.827435
0.827434
0.827434
0.827433
0.827432
0.827433
0.827434
0.827434
0.827434
0.827434
0.827434
0.827432
0.827431
0.827429
0.827428
0.827426
0.827426
0.827425
0.827424
0.827424
0.827424
0.827425
0.827425
0.827425
0.827426
0.827427
0.827428
0.82743
0.827433
0.827436
0.82744
0.827444
0.827446
0.827448
0.827451
0.827453
0.827455
0.827457
0.827458
0.827459
0.827459
0.82746
0.827461
0.827461
0.82746
0.827459
0.827457
0.827454
0.827453
0.827451
0.82745
0.827447
0.827445
0.827442
0.82744
0.827437
0.827436
0.827434
0.827433
0.827431
0.82743
0.827428
0.827427
0.827426
0.827424
0.827422
0.82742
0.82742
0.82742
0.827419
0.827419
0.827418
0.827418
0.827417
0.827416
0.827415
0.827415
0.827414
0.827413
0.827413
0.827412
0.827412
0.827412
0.827412
0.827411
0.827412
0.827411
0.82741
0.827409
0.827407
0.827406
0.827404
0.827402
0.8274
0.827397
0.827395
0.827392
0.827389
0.827386
0.827384
0.82738
0.827377
0.827373
0.82737
0.827367
0.827363
0.827358
0.827353
0.827348
0.827343
0.827338
0.827333
0.827329
0.827325
0.827321
0.827317
0.827313
0.827307
0.827302
0.827298
0.827292
0.827287
0.827282
0.827278
0.827274
0.827271
0.827267
0.827265
0.827261
0.827258
0.827256
0.827253
0.82725
0.827247
0.827245
0.827242
0.827239
0.827235
0.827232
0.82723
0.827229
0.827228
0.827227
0.827226
0.827225
0.827225
0.827226
0.827227
0.827229
0.827232
0.827235
0.827239
0.827243
0.827248
0.827252
0.827257
0.827262
0.827267
0.827271
0.827276
0.827281
0.827286
0.82729
0.827294
0.827297
0.827298
0.8273
0.827303
0.827305
0.827307
0.827309
0.82731
0.827312
0.827313
0.827315
0.827316
0.827318
0.82732
0.827322
0.827323
0.827324
0.827325
0.827326
0.827326
0.827326
0.827326
0.827324
0.827323
0.827323
0.827322
0.827322
0.827321
0.827322
0.827322
0.827324
0.827324
0.827326
0.827326
0.827328
0.827328
0.82733
0.827331
0.827332
0.827334
0.827335
0.827336
0.827337
0.827338
0.827339
0.82734
0.827341
0.827344
0.827347
0.827351
0.827354
0.827357
0.827361
0.827365
0.827369
0.827372
0.827375
0.827377
0.82738
0.827383
0.827385
0.827386
0.827388
0.827388
0.82739
0.82739
0.827391
0.827391
0.827392
0.827392
0.827393
0.827393
0.827394
0.827394
0.827394
0.827395
0.827396
0.827397
0.827397
0.827397
0.827396
0.827395
0.827394
0.827393
0.827393
0.827393
0.827393
0.827394
0.827396
0.827398
0.827401
0.827404
0.827407
0.82741
0.827412
0.827415
0.827417
0.827419
0.827422
0.827425
0.827428
0.827432
0.827436
0.827441
0.827445
0.827449
0.827452
0.827456
0.827461
0.827466
0.82747
0.827475
0.82748
0.827485
0.827491
0.827497
0.827503
0.827509
0.827514
0.827519
0.827524
0.827528
0.827532
0.827536
0.827539
0.827544
0.827548
0.827552
0.827555
0.827558
0.827561
0.827565
0.827569
0.827572
0.827576
0.82758
0.827584
0.827589
0.827593
0.827597
0.827601
0.827604
0.827608
0.827612
0.827617
0.82762
0.827624
0.827627
0.827629
0.827631
0.827634
0.827636
0.827638
0.82764
0.827642
0.827644
0.827647
0.827648
0.82765
0.827652
0.827653
0.827655
0.827656
0.827656
0.827656
0.827656
0.827657
0.827657
0.827657
0.827656
0.827655
0.827655
0.827654
0.827653
0.827652
0.827651
0.827652
0.827652
0.827652
0.827652
0.827652
0.827651
0.827652
0.827652
0.827652
0.827652
0.827652
0.827652
0.827651
0.82765
0.827649
0.82765
0.82765
0.82765
0.827651
0.827651
0.827652
0.827652
0.827651
0.827653
0.827654
