0,-1
-0.01,-0.999938
-0.0199987,-0.99975
-0.029995,-0.999438
-0.0399875,-0.999
-0.049975,-0.998438
-0.0599562,-0.99775
-0.06993,-0.996938
-0.079895,-0.996001
-0.0898499,-0.994939
-0.0997936,-0.993753
-0.109725,-0.992441
-0.119642,-0.991005
-0.129545,-0.989445
-0.139431,-0.98776
-0.149299,-0.985951
-0.159149,-0.984017
-0.168979,-0.981959
-0.178787,-0.979777
-0.188572,-0.977472
-0.198334,-0.975042
-0.208071,-0.972489
-0.217781,-0.969812
-0.227463,-0.967011
-0.237117,-0.964087
-0.24674,-0.96104
-0.256331,-0.957871
-0.26589,-0.954578
-0.275415,-0.951163
-0.284904,-0.947625
-0.294356,-0.943965
-0.30377,-0.940183
-0.313145,-0.936279
-0.322479,-0.932253
-0.331772,-0.928106
-0.34102,-0.923838
-0.350225,-0.919449
-0.359383,-0.914939
-0.368494,-0.910309
-0.377556,-0.905559
-0.386569,-0.900689
-0.39553,-0.895699
-0.404438,-0.89059
-0.413293,-0.885362
-0.422092,-0.880016
-0.430834,-0.874551
-0.439518,-0.868968
-0.448143,-0.863268
-0.456706,-0.85745
-0.465208,-0.851515
-0.473646,-0.845464
-0.482019,-0.839297
-0.490325,-0.833014
-0.498563,-0.826616
-0.506733,-0.820103
-0.514831,-0.813475
-0.522858,-0.806733
-0.53081,-0.799878
-0.538688,-0.79291
-0.54649,-0.78583
-0.554213,-0.778637
-0.561857,-0.771333
-0.56942,-0.763918
-0.576901,-0.756393
-0.584299,-0.748758
-0.591611,-0.741013
-0.598836,-0.73316
-0.605973,-0.725199
-0.61302,-0.71713
-0.619976,-0.708955
-0.626839,-0.700673
-0.633608,-0.692287
-0.640281,-0.683795
-0.646857,-0.6752
-0.653334,-0.666501
-0.65971,-0.6577
-0.665985,-0.648797
-0.672156,-0.639793
-0.678221,-0.630689
-0.68418,-0.621486
-0.690031,-0.612184
-0.695772,-0.602785
-0.701401,-0.59329
-0.706917,-0.583699
-0.712319,-0.574013
-0.717604,-0.564233
-0.722771,-0.554361
-0.727819,-0.544397
-0.732746,-0.534342
-0.737549,-0.524198
-0.742229,-0.513965
-0.746782,-0.503645
-0.751207,-0.493239
-0.755504,-0.482748
-0.759669,-0.472173
-0.763701,-0.461516
-0.767599,-0.450777
-0.771361,-0.439959
-0.774985,-0.429062
-0.77847,-0.418088
-0.781814,-0.407038
-0.785016,-0.395914
-0.788072,-0.384717
-0.790983,-0.373449
-0.793746,-0.362111
-0.79636,-0.350705
-0.798822,-0.339232
-0.801132,-0.327695
-0.803287,-0.316094
-0.805287,-0.304432
-0.807128,-0.29271
-0.80881,-0.28093
-0.810331,-0.269095
-0.81169,-0.257205
-0.812884,-0.245264
-0.813912,-0.233272
-0.814772,-0.221232
-0.815463,-0.209146
-0.815983,-0.197017
-0.816331,-0.184846
-0.816505,-0.172635
-0.816503,-0.160387
-0.816324,-0.148105
-0.815966,-0.13579
-0.815429,-0.123445
-0.814709,-0.111073
-0.813806,-0.0986753
-0.812719,-0.0862555
-0.811445,-0.073816
-0.809984,-0.0613594
-0.808334,-0.0488885
-0.806494,-0.0364061
-0.804462,-0.023915
-0.802238,-0.0114182
-0.799819,0.00108134
-0.797205,0.0135806
-0.794394,0.0260766
-0.791385,0.038566
-0.788178,0.0510458
-0.78477,0.0635126
-0.781162,0.0759632
-0.777352,0.0883941
-0.773338,0.100802
-0.769121,0.113183
-0.7647,0.125534
-0.760073,0.137852
-0.755239,0.150132
-0.750199,0.162371
-0.744952,0.174565
-0.739497,0.18671
-0.733833,0.198803
-0.727961,0.210839
-0.721879,0.222815
-0.715589,0.234726
-0.709089,0.246568
-0.702379,0.258338
-0.69546,0.27003
-0.688332,0.281641
-0.680994,0.293167
-0.673448,0.304603
-0.665693,0.315944
-0.65773,0.327187
-0.64956,0.338326
-0.641183,0.349358
-0.6326,0.360278
-0.623813,0.371081
-0.614821,0.381763
-0.605627,0.392319
-0.596231,0.402744
-0.586635,0.413034
-0.57684,0.423184
-0.566849,0.43319
-0.556662,0.443047
-0.546283,0.45275
-0.535712,0.462294
-0.524952,0.471676
-0.514005,0.480889
-0.502874,0.489931
-0.491561,0.498795
-0.48007,0.507478
-0.468403,0.515974
-0.456562,0.524281
-0.444552,0.532392
-0.432375,0.540303
-0.420035,0.548011
-0.407535,0.555511
-0.39488,0.562798
-0.382073,0.569869
-0.369118,0.57672
-0.356019,0.583345
-0.342781,0.589743
-0.329408,0.595908
-0.315904,0.601837
-0.302275,0.607527
-0.288525,0.612973
-0.274659,0.618173
-0.260681,0.623124
-0.246598,0.627821
-0.232415,0.632263
-0.218137,0.636447
-0.203769,0.640369
-0.189317,0.644027
-0.174787,0.64742
-0.160184,0.650544
-0.145515,0.653397
-0.130785,0.655978
-0.116001,0.658286
-0.101168,0.660317
-0.0862926,0.662072
-0.071381,0.663549
-0.0564394,0.664747
-0.041474,0.665665
-0.0264911,0.666302
-0.0114971,0.666659
0.00350178,0.666734
0.0184992,0.666528
0.0334888,0.666042
0.0484643,0.665274
0.0634193,0.664226
0.0783477,0.662899
0.0932432,0.661293
0.1081,0.65941
0.122911,0.657251
0.13767,0.654816
0.152372,0.652109
0.167011,0.64913
0.181581,0.645881
0.196075,0.642365
0.210488,0.638584
0.224815,0.634541
0.23905,0.630238
0.253187,0.625677
0.267221,0.620862
0.281147,0.615796
0.29496,0.610481
0.308655,0.604922
0.322226,0.599121
0.335669,0.593082
0.34898,0.58681
0.362154,0.580306
0.375186,0.573576
0.388073,0.566624
0.40081,0.559452
0.413393,0.552066
0.425818,0.54447
0.438083,0.536668
0.450183,0.528664
0.462114,0.520462
0.473875,0.512068
0.485461,0.503485
0.496869,0.494718
0.508098,0.485772
0.519143,0.476651
0.530003,0.46736
0.540676,0.457903
0.551158,0.448285
0.561449,0.438511
0.571545,0.428586
0.581445,0.418513
0.591147,0.408298
0.600651,0.397946
0.609953,0.38746
0.619054,0.376846
0.627951,0.366109
0.636644,0.355252
0.645131,0.344281
0.653412,0.3332
0.661487,0.322013
0.669353,0.310725
0.677012,0.29934
0.684461,0.287863
0.691702,0.276298
0.698734,0.26465
0.705556,0.252922
0.712168,0.24112
0.718572,0.229246
0.724766,0.217305
0.73075,0.205302
0.736526,0.19324
0.742094,0.181124
0.747453,0.168956
0.752605,0.156742
0.757549,0.144485
0.762287,0.132188
0.76682,0.119856
0.771147,0.107491
0.77527,0.0950981
0.77919,0.0826802
0.782907,0.0702408
0.786423,0.0577833
0.789738,0.0453111
0.792854,0.0328274
0.795772,0.0203356
0.798492,0.00783867
0.801016,-0.00466016
0.803346,-0.0171579
0.805482,-0.0296514
0.807425,-0.0421379
0.809178,-0.0546144
0.810741,-0.0670781
0.812116,-0.0795263
0.813304,-0.0919561
0.814307,-0.104365
0.815125,-0.11675
0.815762,-0.129109
0.816217,-0.14144
0.816492,-0.153739
0.81659,-0.166005
0.816512,-0.178235
0.816258,-0.190427
0.815831,-0.202579
0.815233,-0.214688
0.814464,-0.226752
0.813527,-0.238769
0.812423,-0.250737
0.811154,-0.262654
0.809722,-0.274518
0.808127,-0.286328
0.806372,-0.29808
0.804458,-0.309774
0.802388,-0.321407
0.800162,-0.332979
0.797783,-0.344486
0.795251,-0.355928
0.792569,-0.367302
0.789739,-0.378607
0.786762,-0.389842
0.783639,-0.401006
0.780373,-0.412095
0.776965,-0.42311
0.773416,-0.434048
0.769729,-0.444908
0.765905,-0.45569
0.761946,-0.466391
0.757853,-0.47701
0.753629,-0.487546
0.749274,-0.497998
0.74479,-0.508364
0.74018,-0.518644
0.735444,-0.528835
0.730584,-0.538938
0.725603,-0.548951
0.720501,-0.558873
0.71528,-0.568703
0.709942,-0.578439
0.704489,-0.588081
0.698921,-0.597629
0.693241,-0.60708
0.687451,-0.616434
0.681551,-0.62569
0.675544,-0.634848
0.669431,-0.643905
0.663213,-0.652863
0.656892,-0.661719
0.65047,-0.670473
0.643949,-0.679125
0.637329,-0.687672
0.630613,-0.696116
0.623801,-0.704454
0.616896,-0.712687
0.609899,-0.720814
0.602811,-0.728833
0.595634,-0.736745
0.58837,-0.744548
0.581019,-0.752243
0.573584,-0.759828
0.566066,-0.767303
0.558466,-0.774667
0.550786,-0.78192
0.543028,-0.789062
0.535192,-0.796091
0.52728,-0.803007
0.519294,-0.809811
0.511235,-0.8165
0.503105,-0.823075
0.494905,-0.829536
0.486636,-0.835882
0.478299,-0.842112
0.469897,-0.848226
0.461431,-0.854225
0.452901,-0.860106
0.44431,-0.86587
0.435659,-0.871517
0.426948,-0.877046
0.41818,-0.882457
0.409357,-0.88775
0.400478,-0.892924
0.391546,-0.897978
0.382561,-0.902914
0.373527,-0.907729
0.364442,-0.912425
0.35531,-0.917
0.346131,-0.921455
0.336907,-0.925789
0.327638,-0.930002
0.318327,-0.934094
0.308975,-0.938064
0.299582,-0.941913
0.290151,-0.94564
0.280682,-0.949244
0.271177,-0.952726
0.261637,-0.956086
0.252063,-0.959323
0.242457,-0.962437
0.232821,-0.965428
0.223154,-0.968296
0.213459,-0.97104
0.203737,-0.973661
0.193989,-0.976159
0.184217,-0.978532
0.174421,-0.980782
0.164603,-0.982907
0.154764,-0.984909
0.144906,-0.986786
0.135029,-0.988539
0.125136,-0.990168
0.115227,-0.991672
0.105303,-0.993051
0.095366,-0.994306
0.0854171,-0.995436
0.0754576,-0.996441
0.0654885,-0.997322
0.0555113,-0.998077
0.0455271,-0.998708
0.0355372,-0.999214
0.0255429,-0.999595
0.0155454,-0.99985
0.00554591,-0.999981
-0.00445424,-0.999987
-0.0144538,-0.999868
-0.0244516,-0.999624
-0.0344464,-0.999255
-0.0444368,-0.998761
-0.0544217,-0.998142
-0.0643997,-0.997398
-0.0743697,-0.996529
-0.0843304,-0.995535
-0.0942805,-0.994417
-0.104219,-0.993174
-0.114144,-0.991806
-0.124055,-0.990314
-0.13395,-0.988697
-0.143829,-0.986955
-0.153689,-0.98509
-0.16353,-0.9831
-0.17335,-0.980986
-0.183148,-0.978748
-0.192923,-0.976386
-0.202674,-0.9739
-0.212399,-0.97129
-0.222097,-0.968557
-0.231767,-0.965701
-0.241407,-0.962721
-0.251016,-0.959618
-0.260593,-0.956393
-0.270137,-0.953044
-0.279645,-0.949573
-0.289118,-0.94598
-0.298554,-0.942265
-0.307951,-0.938427
-0.317307,-0.934468
-0.326623,-0.930387
-0.335896,-0.926185
-0.345125,-0.921862
-0.354309,-0.917418
-0.363447,-0.912854
-0.372536,-0.908169
-0.381576,-0.903364
-0.390566,-0.898439
-0.399503,-0.893395
-0.408388,-0.888232
-0.417218,-0.88295
-0.425992,-0.87755
-0.434708,-0.872031
-0.443366,-0.866395
-0.451963,-0.860641
-0.460499,-0.85477
-0.468972,-0.848782
-0.477381,-0.842678
-0.485725,-0.836458
-0.494001,-0.830122
-0.502208,-0.823671
-0.510346,-0.817106
-0.518412,-0.810426
-0.526406,-0.803633
-0.534325,-0.796726
-0.542169,-0.789706
-0.549936,-0.782575
-0.557624,-0.775331
-0.565232,-0.767976
-0.572758,-0.76051
-0.580202,-0.752935
-0.587561,-0.745249
-0.594834,-0.737455
-0.60202,-0.729552
-0.609117,-0.721542
-0.616123,-0.713424
-0.623038,-0.7052
-0.629859,-0.69687
-0.636585,-0.688435
-0.643214,-0.679896
-0.649745,-0.671253
-0.656177,-0.662507
-0.662508,-0.653659
-0.668736,-0.644709
-0.674859,-0.635659
-0.680877,-0.62651
-0.686787,-0.617261
-0.692589,-0.607914
-0.698279,-0.598471
-0.703858,-0.588931
-0.709322,-0.579296
-0.714672,-0.569567
-0.719904,-0.559744
-0.725017,-0.549829
-0.73001,-0.539823
-0.734882,-0.529727
-0.739629,-0.519541
-0.744252,-0.509268
-0.748747,-0.498908
-0.753114,-0.488462
-0.757351,-0.477932
-0.761457,-0.467319
-0.765428,-0.456623
-0.769265,-0.445848
-0.772965,-0.434992
-0.776526,-0.424059
-0.779947,-0.41305
-0.783226,-0.401965
-0.786362,-0.390807
-0.789353,-0.379576
-0.792197,-0.368275
-0.794892,-0.356905
-0.797437,-0.345468
-0.79983,-0.333964
-0.80207,-0.322397
-0.804155,-0.310767
-0.806082,-0.299076
-0.807851,-0.287327
-0.80946,-0.275521
-0.810907,-0.263659
-0.812191,-0.251745
-0.813309,-0.239779
-0.814261,-0.227764
-0.815044,-0.215702
-0.815657,-0.203595
-0.816099,-0.191445
-0.816368,-0.179255
-0.816461,-0.167026
-0.816379,-0.154761
-0.816118,-0.142463
-0.815678,-0.130133
-0.815057,-0.117774
-0.814254,-0.105389
-0.813267,-0.09298
-0.812094,-0.0805498
-0.810735,-0.0681012
-0.809188,-0.0556367
-0.807451,-0.0431592
-0.805523,-0.0306715
-0.803403,-0.0181765
-0.801089,-0.00567706
-0.798581,0.00682372
-0.795876,0.0193228
-0.792975,0.0318172
-0.789875,0.0443035
-0.786575,0.0567787
-0.783076,0.0692394
-0.779374,0.0816823
-0.775471,0.094104
-0.771364,0.106501
-0.767052,0.11887
-0.762536,0.131207
-0.757814,0.143508
-0.752885,0.155771
-0.74775,0.167991
-0.742407,0.180164
-0.736855,0.192286
-0.731095,0.204354
-0.725126,0.216364
-0.718948,0.228311
-0.712561,0.240192
-0.705964,0.252002
-0.699158,0.263738
-0.692142,0.275394
-0.684917,0.286967
-0.677482,0.298453
-0.66984,0.309846
-0.661988,0.321144
-0.653929,0.33234
-0.645663,0.343431
-0.637191,0.354413
-0.628513,0.36528
-0.619631,0.376028
-0.610545,0.386653
-0.601257,0.39715
-0.591768,0.407514
-0.582079,0.41774
-0.572193,0.427825
-0.562111,0.437763
-0.551834,0.44755
-0.541366,0.457181
-0.530706,0.466651
-0.519859,0.475956
-0.508827,0.485091
-0.497611,0.494052
-0.486215,0.502833
-0.474641,0.511431
-0.462893,0.519841
-0.450973,0.528058
-0.438885,0.536077
-0.426631,0.543896
-0.414217,0.551508
-0.401644,0.55891
-0.388918,0.566098
-0.376041,0.573068
-0.363019,0.579815
-0.349854,0.586336
-0.336553,0.592626
-0.323118,0.598683
-0.309555,0.604502
-0.295869,0.610079
-0.282064,0.615412
-0.268145,0.620497
-0.254118,0.625331
-0.239988,0.629911
-0.225759,0.634234
-0.211439,0.638297
-0.197031,0.642097
-0.182542,0.645632
-0.167977,0.648901
-0.153343,0.6519
-0.138645,0.654627
-0.123889,0.657082
-0.109081,0.659262
-0.0942272,0.661165
-0.0793341,0.662791
-0.0644077,0.664139
-0.0494542,0.665207
-0.0344799,0.665995
-0.019491,0.666502
-0.00449395,0.666729
0.010505,0.666674
0.0254996,0.666338
0.0404834,0.665721
0.0554501,0.664823
0.0703935,0.663646
0.0853073,0.66219
0.100185,0.660455
0.115021,0.658444
0.129809,0.656157
0.144543,0.653595
0.159216,0.650762
0.173823,0.647658
0.188358,0.644285
0.202815,0.640646
0.217189,0.636744
0.231474,0.632579
0.245664,0.628157
0.259753,0.623478
0.273738,0.618546
0.287612,0.613365
0.30137,0.607937
0.315008,0.602265
0.32852,0.596354
0.341902,0.590207
0.355149,0.583827
0.368258,0.577219
0.381223,0.570385
0.39404,0.563331
0.406706,0.55606
0.419216,0.548577
0.431567,0.540885
0.443755,0.53299
0.455777,0.524894
0.46763,0.516603
0.479309,0.508122
0.490813,0.499453
0.502138,0.490604
0.513282,0.481577
0.524241,0.472377
0.535015,0.463009
0.545599,0.453478
0.555992,0.443788
0.566193,0.433944
0.576198,0.42395
0.586007,0.413812
0.595617,0.403534
0.605027,0.39312
0.614236,0.382575
0.623243,0.371905
0.632045,0.361112
0.640643,0.350203
0.649035,0.339181
0.65722,0.328051
0.665199,0.316818
0.672969,0.305485
0.680531,0.294058
0.687884,0.282541
0.695028,0.270938
0.701962,0.259254
0.708688,0.247492
0.715203,0.235657
0.72151,0.223752
0.727607,0.211784
0.733495,0.199754
0.739175,0.187667
0.744646,0.175528
0.74991,0.163339
0.754966,0.151105
0.759815,0.13883
0.764458,0.126518
0.768896,0.114171
0.773129,0.101794
0.777159,0.0893899
0.780985,0.0769627
0.784609,0.0645155
0.788033,0.0520518
0.791256,0.0395749
0.794281,0.027088
0.797108,0.0145944
0.799738,0.00209723
0.802172,-0.0104005
0.804413,-0.0228957
0.80646,-0.0353854
0.808316,-0.0478667
0.809982,-0.0603367
0.811458,-0.0727927
0.812748,-0.0852318
0.81385,-0.0976514
0.814769,-0.110049
0.815504,-0.122422
0.816057,-0.134767
0.81643,-0.147083
0.816624,-0.159366
0.816641,-0.171615
0.816482,-0.183827
0.816149,-0.195999
0.815643,-0.208131
0.814967,-0.220218
0.814122,-0.23226
0.813108,-0.244254
0.811929,-0.256199
0.810585,-0.268091
0.809078,-0.279929
0.80741,-0.291712
0.805583,-0.303437
0.803598,-0.315103
0.801456,-0.326707
0.79916,-0.338248
0.796711,-0.349725
0.794111,-0.361135
0.791362,-0.372478
0.788464,-0.38375
0.785421,-0.394952
0.782233,-0.406081
0.778902,-0.417136
0.77543,-0.428115
0.771818,-0.439017
0.768069,-0.449841
0.764184,-0.460585
0.760164,-0.471248
0.756011,-0.481828
0.751727,-0.492326
0.747314,-0.502738
0.742773,-0.513064
0.738105,-0.523303
0.733313,-0.533454
0.728398,-0.543515
0.723362,-0.553486
0.718206,-0.563365
0.712932,-0.573152
0.707542,-0.582845
0.702037,-0.592444
0.696418,-0.601947
0.690688,-0.611353
0.684848,-0.620662
0.6789,-0.629873
0.672845,-0.638985
0.666684,-0.647997
0.66042,-0.656908
0.654054,-0.665717
0.647587,-0.674424
0.641021,-0.683028
0.634357,-0.691528
0.627598,-0.699923
0.620744,-0.708213
0.613797,-0.716397
0.606759,-0.724475
0.599631,-0.732445
0.592415,-0.740307
0.585111,-0.748061
0.577723,-0.755705
0.57025,-0.76324
0.562695,-0.770664
0.555059,-0.777978
0.547344,-0.78518
0.539551,-0.79227
0.531681,-0.799248
0.523735,-0.806112
0.515717,-0.812864
0.507625,-0.819501
0.499464,-0.826024
0.491232,-0.832433
0.482933,-0.838726
0.474567,-0.844903
0.466136,-0.850964
0.457641,-0.856909
0.449084,-0.862737
0.440465,-0.868448
0.431787,-0.874042
0.423051,-0.879517
0.414258,-0.884874
0.405409,-0.890113
0.396507,-0.895232
0.387551,-0.900233
0.378544,-0.905114
0.369487,-0.909875
0.360381,-0.914516
0.351228,-0.919036
0.342028,-0.923436
0.332784,-0.927715
0.323497,-0.931873
0.314167,-0.93591
0.304796,-0.939825
0.295386,-0.943618
0.285938,-0.947289
0.276453,-0.950838
0.266932,-0.954265
0.257377,-0.957569
0.247789,-0.96075
0.238169,-0.963808
0.228519,-0.966744
0.218839,-0.969555
0.209132,-0.972244
0.199398,-0.974809
0.189639,-0.97725
0.179856,-0.979567
0.17005,-0.981761
0.160223,-0.98383
0.150375,-0.985775
0.140509,-0.987596
0.130625,-0.989293
0.120724,-0.990865
0.110808,-0.992312
0.100878,-0.993635
0.090936,-0.994833
0.0809822,-0.995907
0.0710183,-0.996856
0.0610454,-0.99768
0.0510649,-0.998379
0.0410781,-0.998953
0.0310861,-0.999402
0.0210901,-0.999726
0.0110916,-0.999925
0.00109168,-0.999999
-0.00890838,-0.999949
-0.0189073,-0.999773
-0.0289039,-0.999472
-0.0388969,-0.999046
-0.048885,-0.998496
-0.058867,-0.99782
-0.0688416,-0.997019
-0.0788076,-0.996094
-0.0887637,-0.995044
-0.0987087,-0.993869
-0.108641,-0.992569
-0.11856,-0.991145
-0.128464,-0.989596
-0.138352,-0.987923
-0.148223,-0.986125
-0.158075,-0.984203
-0.167906,-0.982157
-0.177717,-0.979986
-0.187505,-0.977692
-0.19727,-0.975274
-0.207009,-0.972732
-0.216722,-0.970066
-0.226408,-0.967277
-0.236064,-0.964365
-0.245691,-0.96133
-0.255286,-0.958171
-0.264848,-0.95489
-0.274376,-0.951486
-0.283869,-0.947959
-0.293325,-0.94431
-0.302744,-0.940539
-0.312123,-0.936646
-0.321462,-0.932632
-0.330758,-0.928496
-0.340012,-0.924239
-0.349221,-0.919861
-0.358384,-0.915362
-0.3675,-0.910743
-0.376568,-0.906003
-0.385586,-0.901144
-0.394552,-0.896165
-0.403467,-0.891067
-0.412327,-0.88585
-0.421132,-0.880514
-0.42988,-0.875059
-0.43857,-0.869487
-0.447201,-0.863797
-0.455771,-0.85799
-0.46428,-0.852065
-0.472724,-0.846024
-0.481104,-0.839867
-0.489417,-0.833594
-0.497663,-0.827206
-0.505839,-0.820703
-0.513945,-0.814085
-0.521979,-0.807354
-0.529939,-0.800508
-0.537825,-0.79355
-0.545634,-0.786479
-0.553366,-0.779296
-0.561018,-0.772001
-0.56859,-0.764596
-0.576079,-0.75708
-0.583485,-0.749454
-0.590806,-0.741718
-0.59804,-0.733874
-0.605186,-0.725922
-0.612242,-0.717862
-0.619207,-0.709696
-0.62608,-0.701423
-0.632858,-0.693045
-0.639541,-0.684562
-0.646127,-0.675974
-0.652614,-0.667284
-0.659,-0.658491
-0.665284,-0.649596
-0.671466,-0.6406
-0.677542,-0.631504
-0.683511,-0.622309
-0.689372,-0.613015
-0.695124,-0.603624
-0.700764,-0.594136
-0.706291,-0.584552
-0.711704,-0.574873
-0.717001,-0.5651
-0.722179,-0.555235
-0.727239,-0.545278
-0.732177,-0.53523
-0.736992,-0.525092
-0.741684,-0.514866
-0.746249,-0.504552
-0.750687,-0.494152
-0.754995,-0.483667
-0.759172,-0.473098
-0.763217,-0.462446
-0.767128,-0.451714
-0.770903,-0.440901
-0.77454,-0.430009
-0.778038,-0.41904
-0.781395,-0.407995
-0.784609,-0.396876
-0.787679,-0.385684
-0.790603,-0.37442
-0.79338,-0.363086
-0.796007,-0.351684
-0.798483,-0.340216
-0.800807,-0.328682
-0.802976,-0.317085
-0.804989,-0.305426
-0.806845,-0.293708
-0.808541,-0.281931
-0.810077,-0.270099
-0.811449,-0.258212
-0.812658,-0.246273
-0.8137,-0.234283
-0.814575,-0.222246
-0.815281,-0.210162
-0.815816,-0.198034
-0.816179,-0.185865
-0.816368,-0.173655
-0.816381,-0.161409
-0.816217,-0.149127
-0.815875,-0.136813
-0.815352,-0.124469
-0.814648,-0.112097
-0.813761,-0.0996992
-0.812689,-0.0872792
-0.811431,-0.0748393
-0.809985,-0.0623821
-0.808351,-0.0499103
-0.806527,-0.0374268
-0.804511,-0.0249344
-0.802302,-0.0124361
-0.799899,6.53266e-05
-0.797301,0.0125667
-0.794506,0.025065
-0.791513,0.037557
-0.788322,0.0500396
-0.78493,0.0625095
-0.781338,0.0749634
-0.777544,0.0873979
-0.773546,0.0998096
-0.769345,0.112195
-0.76494,0.124551
-0.760329,0.136873
-0.755512,0.149158
-0.750488,0.161402
-0.745256,0.173602
-0.739817,0.185753
-0.734169,0.197852
-0.728313,0.209894
-0.722248,0.221877
-0.715973,0.233795
-0.709489,0.245644
-0.702795,0.257421
-0.695892,0.269122
-0.688779,0.280741
-0.681457,0.292275
-0.673926,0.30372
-0.666186,0.31507
-0.658239,0.326322
-0.650084,0.337471
-0.641722,0.348513
-0.633154,0.359443
-0.624381,0.370257
-0.615405,0.380949
-0.606225,0.391516
-0.596843,0.401953
-0.587262,0.412255
-0.577481,0.422417
-0.567504,0.432436
-0.557331,0.442305
-0.546965,0.452021
-0.536407,0.461579
-0.525661,0.470974
-0.514727,0.480201
-0.503609,0.489257
-0.492309,0.498135
-0.48083,0.506833
-0.469175,0.515345
-0.457346,0.523666
-0.445347,0.531793
-0.433182,0.53972
-0.420853,0.547444
-0.408364,0.55496
-0.39572,0.562264
-0.382923,0.569352
-0.369978,0.576219
-0.356888,0.582862
-0.34366,0.589277
-0.330295,0.59546
-0.316801,0.601407
-0.30318,0.607115
-0.289437,0.61258
-0.275579,0.617799
-0.261609,0.622768
-0.247533,0.627485
-0.233356,0.631946
-0.219084,0.636149
-0.204722,0.64009
-0.190275,0.643768
-0.17575,0.64718
-0.161152,0.650324
-0.146487,0.653198
-0.131761,0.655799
-0.11698,0.658126
-0.102151,0.660178
-0.0872778,0.661953
-0.0723684,0.663451
-0.0574285,0.664669
-0.0424645,0.665607
-0.0274826,0.666265
-0.0124891,0.666642
0.00250961,0.666738
0.0175073,0.666553
0.0324976,0.666087
0.0474742,0.66534
0.0624308,0.664313
0.0773612,0.663006
0.092259,0.66142
0.107118,0.659557
0.121932,0.657418
0.136696,0.655004
0.151402,0.652316
0.166045,0.649357
0.180619,0.646128
0.195119,0.642632
0.209538,0.638871
0.223871,0.634847
0.238112,0.630563
0.252255,0.626021
0.266297,0.621225
0.28023,0.616177
0.294051,0.610881
0.307753,0.60534
0.321333,0.599558
0.334785,0.593537
0.348105,0.587282
0.361288,0.580796
0.37433,0.574083
0.387227,0.567148
0.399974,0.559993
0.412568,0.552624
0.425005,0.545044
0.43728,0.537257
0.449392,0.529269
0.461335,0.521083
0.473107,0.512704
0.484706,0.504136
0.496127,0.495383
0.507368,0.486452
0.518426,0.477345
0.529299,0.468067
0.539985,0.458624
0.550481,0.449019
0.560785,0.439258
0.570895,0.429345
0.580809,0.419285
0.590526,0.409082
0.600044,0.398741
0.609361,0.388267
0.618476,0.377664
0.627388,0.366937
0.636096,0.356091
0.644598,0.34513
0.652894,0.334058
0.660984,0.322881
0.668866,0.311602
0.67654,0.300227
0.684005,0.288758
0.691261,0.277202
0.698308,0.265562
0.705146,0.253842
0.711775,0.242046
0.718194,0.23018
0.724404,0.218246
0.730404,0.20625
0.736196,0.194194
0.741779,0.182084
0.747155,0.169922
0.752322,0.157713
0.757283,0.145461
0.762037,0.133169
0.766586,0.120841
0.770929,0.108481
0.775068,0.0960919
0.779004,0.0836778
0.782737,0.0712419
0.786269,0.0587877
0.7896,0.0463184
0.792732,0.0338375
0.795666,0.0213481
0.798402,0.00885347
0.800942,-0.00364338
0.803288,-0.0161393
0.805439,-0.0286314
0.807399,-0.0411167
0.809167,-0.0535922
0.810746,-0.0660551
0.812136,-0.0785027
0.81334,-0.0909323
0.814358,-0.103341
0.815192,-0.115727
0.815844,-0.128086
0.816314,-0.140417
0.816605,-0.152717
0.816718,-0.164984
0.816654,-0.177216
0.816416,-0.189409
0.816004,-0.201562
0.81542,-0.213673
0.814666,-0.225739
0.813744,-0.237758
0.812655,-0.249729
0.8114,-0.261649
0.809982,-0.273516
0.808401,-0.285328
0.80666,-0.297084
0.804761,-0.308781
0.802704,-0.320418
0.800492,-0.331993
0.798127,-0.343504
0.795609,-0.35495
0.792941,-0.366328
0.790124,-0.377638
0.78716,-0.388878
0.78405,-0.400045
0.780797,-0.41114
0.777402,-0.42216
0.773867,-0.433103
0.770192,-0.443969
0.766381,-0.454756
0.762434,-0.465462
0.758354,-0.476087
0.754142,-0.486629
0.749799,-0.497087
0.745328,-0.507459
0.740729,-0.517745
0.736005,-0.527944
0.731157,-0.538053
0.726187,-0.548073
0.721097,-0.558001
0.715887,-0.567838
0.710561,-0.577581
0.705118,-0.587231
0.699562,-0.596786
0.693893,-0.606244
0.688113,-0.615606
0.682224,-0.62487
0.676227,-0.634035
0.670124,-0.643101
0.663917,-0.652066
0.657606,-0.660931
0.651195,-0.669693
0.644683,-0.678353
0.638073,-0.686909
0.631366,-0.695361
0.624564,-0.703708
0.617668,-0.71195
0.61068,-0.720085
0.603601,-0.728113
0.596433,-0.736034
0.589178,-0.743846
0.581836,-0.75155
0.574409,-0.759144
0.5669,-0.766629
0.559308,-0.774002
0.551636,-0.781265
0.543886,-0.788416
0.536058,-0.795455
0.528154,-0.802381
0.520176,-0.809194
0.512124,-0.815893
0.504001,-0.822478
0.495808,-0.828949
0.487546,-0.835305
0.479217,-0.841545
0.470821,-0.84767
0.462362,-0.853678
0.453839,-0.85957
0.445254,-0.865345
0.436609,-0.871002
0.427904,-0.876542
0.419143,-0.881963
0.410325,-0.887266
0.401452,-0.892451
0.392525,-0.897516
0.383546,-0.902462
0.374517,-0.907289
0.365438,-0.911995
0.35631,-0.916581
0.347136,-0.921047
0.337917,-0.925392
0.328653,-0.929616
0.319346,-0.933719
0.309998,-0.937701
0.30061,-0.94156
0.291183,-0.945298
0.281718,-0.948914
0.272216,-0.952407
0.26268,-0.955778
0.25311,-0.959026
0.243508,-0.962152
0.233874,-0.965154
0.224211,-0.968034
0.214519,-0.970789
0.2048,-0.973422
0.195055,-0.975931
0.185285,-0.978316
0.175491,-0.980577
0.165676,-0.982714
0.155839,-0.984727
0.145983,-0.986616
0.136108,-0.98838
0.126217,-0.99002
0.116309,-0.991536
0.106387,-0.992927
0.0964514,-0.994193
0.0865038,-0.995335
0.0765453,-0.996352
0.0665772,-0.997244
0.0566008,-0.998012
0.0466173,-0.998654
0.036628,-0.999172
0.0266341,-0.999564
0.0166369,-0.999832
0.00663757,-0.999974
-0.00336257,-0.999992
-0.0133623,-0.999884
-0.0233603,-0.999652
-0.0333555,-0.999295
-0.0433464,-0.998812
-0.053332,-0.998205
-0.0633108,-0.997473
-0.0732818,-0.996615
-0.0832435,-0.995633
-0.0931948,-0.994527
-0.103134,-0.993295
-0.113061,-0.991939
-0.122974,-0.990458
-0.132871,-0.988853
-0.142751,-0.987123
-0.152613,-0.985269
-0.162456,-0.983291
-0.172279,-0.981188
-0.18208,-0.978962
-0.191857,-0.976611
-0.201611,-0.974137
-0.211339,-0.971539
-0.22104,-0.968817
-0.230712,-0.965972
-0.240356,-0.963004
-0.249968,-0.959913
-0.259549,-0.956698
-0.269096,-0.953361
-0.278609,-0.949901
-0.288086,-0.946319
-0.297525,-0.942615
-0.306926,-0.938789
-0.316287,-0.934841
-0.325607,-0.930771
-0.334885,-0.92658
-0.344119,-0.922268
-0.353308,-0.917835
-0.36245,-0.913281
-0.371545,-0.908607
-0.38059,-0.903813
-0.389585,-0.8989
-0.398529,-0.893866
-0.407419,-0.888714
-0.416254,-0.883442
-0.425034,-0.878052
-0.433757,-0.872544
-0.442421,-0.866918
-0.451025,-0.861175
-0.459567,-0.855314
-0.468047,-0.849336
-0.476463,-0.843242
-0.484813,-0.837033
-0.493096,-0.830707
-0.501311,-0.824266
-0.509456,-0.817711
-0.51753,-0.811041
-0.525531,-0.804257
-0.533458,-0.79736
-0.541309,-0.79035
-0.549084,-0.783228
-0.55678,-0.775994
-0.564396,-0.768648
-0.571931,-0.761192
-0.579383,-0.753626
-0.586751,-0.745949
-0.594033,-0.738164
-0.601228,-0.73027
-0.608334,-0.722269
-0.615349,-0.71416
-0.622273,-0.705945
-0.629104,-0.697623
-0.635839,-0.689197
-0.642478,-0.680666
-0.649019,-0.672031
-0.655461,-0.663294
-0.661802,-0.654454
-0.66804,-0.645512
-0.674174,-0.63647
-0.680202,-0.627328
-0.686123,-0.618087
-0.691935,-0.608748
-0.697637,-0.599312
-0.703226,-0.58978
-0.708702,-0.580152
-0.714062,-0.57043
-0.719306,-0.560614
-0.724431,-0.550706
-0.729435,-0.540707
-0.734318,-0.530617
-0.739078,-0.520438
-0.743712,-0.510171
-0.74822,-0.499817
-0.752599,-0.489378
-0.756848,-0.478854
-0.760966,-0.468246
-0.76495,-0.457557
-0.7688,-0.446786
-0.772512,-0.435936
-0.776086,-0.425009
-0.77952,-0.414004
-0.782813,-0.402924
-0.785962,-0.391771
-0.788966,-0.380545
-0.791823,-0.369248
-0.794532,-0.357882
-0.797091,-0.346449
-0.799498,-0.334949
-0.801751,-0.323386
-0.80385,-0.311759
-0.805791,-0.300072
-0.807575,-0.288326
-0.809198,-0.276523
-0.810659,-0.264664
-0.811957,-0.252753
-0.81309,-0.240789
-0.814056,-0.228777
-0.814854,-0.216717
-0.815482,-0.204612
-0.815939,-0.192464
-0.816222,-0.180275
-0.816331,-0.168047
-0.816264,-0.155783
-0.816018,-0.143485
-0.815594,-0.131156
-0.814988,-0.118798
-0.8142,-0.106413
-0.813229,-0.0940038
-0.812072,-0.0815734
-0.810728,-0.0691242
-0.809196,-0.056659
-0.807475,-0.0441806
-0.805563,-0.0316916
-0.803458,-0.0191952
-0.80116,-0.00669407
-0.798668,0.00580865
-0.795979,0.0183099
-0.793094,0.0308067
-0.79001,0.0432958
-0.786726,0.0557739
-0.783243,0.0682378
-0.779558,0.0806842
-0.77567,0.0931096
-0.771579,0.105511
-0.767284,0.117884
-0.762784,0.130225
-0.758078,0.142532
-0.753165,0.154799
-0.748046,0.167024
-0.742718,0.179203
-0.737183,0.191332
-0.731439,0.203406
-0.725486,0.215422
-0.719324,0.227376
-0.712952,0.239264
-0.706371,0.251082
-0.699581,0.262825
-0.69258,0.274489
-0.685371,0.286071
-0.677952,0.297565
-0.670325,0.308967
-0.662489,0.320274
-0.654445,0.33148
-0.646194,0.342581
-0.637737,0.353572
-0.629074,0.36445
-0.620206,0.375209
-0.611135,0.385845
-0.601862,0.396353
-0.592387,0.406728
-0.582713,0.416967
-0.572841,0.427064
-0.562772,0.437015
-0.55251,0.446814
-0.542054,0.456458
-0.531408,0.465942
-0.520575,0.475261
-0.509555,0.48441
-0.498352,0.493385
-0.486968,0.502181
-0.475407,0.510793
-0.46367,0.519218
-0.451762,0.52745
-0.439685,0.535486
-0.427443,0.54332
-0.41504,0.550948
-0.402478,0.558367
-0.389762,0.565572
-0.376895,0.572559
-0.363883,0.579323
-0.350728,0.585861
-0.337435,0.592169
-0.32401,0.598244
-0.310455,0.604081
-0.296777,0.609677
-0.28298,0.615028
-0.269069,0.620132
-0.255049,0.624985
-0.240925,0.629583
-0.226703,0.633925
-0.212388,0.638007
-0.197986,0.641827
-0.183502,0.645382
-0.168943,0.648671
-0.154313,0.651689
-0.139619,0.654437
-0.124866,0.656912
-0.110062,0.659112
-0.095211,0.661036
-0.0803203,0.662682
-0.065396,0.66405
-0.0504441,0.665139
-0.0354709,0.665947
-0.0204828,0.666475
-0.0054861,0.666722
0.00951294,0.666687
0.024508,0.666372
0.0394927,0.665775
0.0544607,0.664899
0.0694059,0.663742
0.0843218,0.662306
0.0992023,0.660591
0.114041,0.6586
0.128832,0.656333
0.14357,0.653792
0.158247,0.650979
0.172859,0.647894
0.187399,0.644542
0.201862,0.640922
0.216241,0.637039
0.230532,0.632894
0.244728,0.628491
0.258825,0.623831
0.272817,0.618918
0.286698,0.613755
0.300464,0.608345
0.31411,0.602692
0.327631,0.596799
0.341022,0.59067
0.354279,0.584308
0.367397,0.577716
0.380372,0.5709
0.393199,0.563863
0.405875,0.556609
0.418396,0.549142
0.430759,0.541466
0.442958,0.533586
0.454992,0.525506
0.466856,0.517231
0.478547,0.508764
0.490064,0.500111
0.501401,0.491276
0.512558,0.482263
0.52353,0.473077
0.534317,0.463723
0.544915,0.454205
0.555322,0.444528
0.565536,0.434696
0.575555,0.424715
0.585378,0.414589
0.595002,0.404323
0.604427,0.393921
0.613651,0.383387
0.622672,0.372727
0.631489,0.361946
0.640102,0.351046
0.648509,0.340034
0.656709,0.328914
0.664703,0.31769
0.672488,0.306367
0.680066,0.294949
0.687434,0.28344
0.694594,0.271846
0.701544,0.260169
0.708285,0.248415
0.714817,0.236587
0.721139,0.22469
0.727252,0.212727
0.733157,0.200704
0.738852,0.188624
0.74434,0.17649
0.749619,0.164307
0.754691,0.152079
0.759556,0.139809
0.764216,0.127501
0.768669,0.115158
0.772919,0.102786
0.776964,0.0903855
0.780807,0.0779619
0.784447,0.0655182
0.787886,0.0530576
0.791126,0.0405836
0.794166,0.0280993
0.797009,0.0156081
0.799655,0.00311299
0.802106,-0.00938286
0.804362,-0.0218764
0.806425,-0.0343648
0.808297,-0.0468449
0.809978,-0.0593141
0.81147,-0.0717694
0.812775,-0.084208
0.813893,-0.0966274
0.814827,-0.109025
0.815577,-0.121398
0.816146,-0.133744
0.816534,-0.14606
0.816743,-0.158344
0.816775,-0.170594
0.816631,-0.182808
0.816313,-0.194982
0.815823,-0.207115
0.815161,-0.219204
0.81433,-0.231248
0.813331,-0.243245
0.812167,-0.255192
0.810837,-0.267087
0.809345,-0.278928
0.807691,-0.290714
0.805878,-0.302442
0.803906,-0.314111
0.801779,-0.325719
0.799497,-0.337264
0.797062,-0.348745
0.794475,-0.360159
0.791739,-0.371506
0.788855,-0.382783
0.785825,-0.393989
0.78265,-0.405123
0.779332,-0.416183
0.775873,-0.427167
0.772275,-0.438074
0.768538,-0.448904
0.764665,-0.459653
0.760658,-0.470322
0.756517,-0.480908
0.752246,-0.491411
0.747845,-0.50183
0.743315,-0.512162
0.73866,-0.522408
0.73388,-0.532565
0.728976,-0.542633
0.723952,-0.552611
0.718807,-0.562497
0.713545,-0.572291
0.708166,-0.581991
0.702671,-0.591597
0.697064,-0.601107
0.691345,-0.610521
0.685516,-0.619838
0.679578,-0.629056
0.673533,-0.638176
0.667383,-0.647196
0.661129,-0.656115
0.654772,-0.664932
0.648315,-0.673647
0.641759,-0.68226
0.635105,-0.690768
0.628355,-0.699172
0.621511,-0.707471
0.614573,-0.715664
0.607544,-0.72375
0.600425,-0.731729
0.593218,-0.7396
0.585923,-0.747363
0.578543,-0.755016
0.571079,-0.76256
0.563533,-0.769994
0.555905,-0.777317
0.548198,-0.784529
0.540412,-0.791628
0.53255,-0.798616
0.524613,-0.80549
0.516601,-0.812251
0.508518,-0.818899
0.500363,-0.825432
0.492139,-0.83185
0.483846,-0.838153
0.475487,-0.844341
0.467063,-0.850412
0.458575,-0.856368
0.450024,-0.862206
0.441412,-0.867927
0.43274,-0.873531
0.42401,-0.879017
0.415223,-0.884385
0.40638,-0.889634
0.397483,-0.894764
0.388533,-0.899775
0.379531,-0.904667
0.370479,-0.909439
0.361379,-0.914091
0.35223,-0.918622
0.343036,-0.923033
0.333796,-0.927323
0.324513,-0.931492
0.315188,-0.93554
0.305822,-0.939466
0.296416,-0.94327
0.286972,-0.946953
0.27749,-0.950513
0.267973,-0.953951
0.258422,-0.957266
0.248837,-0.960459
0.239221,-0.963528
0.229574,-0.966475
0.219898,-0.969298
0.210193,-0.971998
0.200462,-0.974574
0.190706,-0.977027
0.180925,-0.979356
0.171122,-0.981561
0.161297,-0.983642
0.151451,-0.985598
0.141587,-0.987431
0.131705,-0.989139
0.121806,-0.990723
0.111891,-0.992182
0.101963,-0.993516
0.092022,-0.994726
0.0820694,-0.995811
0.0721065,-0.996772
0.0621345,-0.997607
0.0521548,-0.998318
0.0421686,-0.998904
0.0321771,-0.999365
0.0221815,-0.999701
0.0121832,-0.999912
0.00218337,-0.999998
-0.00781674,-0.999958
-0.0178159,-0.999794
-0.0278128,-0.999505
-0.0378062,-0.999091
-0.0477949,-0.998552
-0.0577776,-0.997888
-0.0677531,-0.997099
-0.0777201,-0.996186
-0.0876774,-0.995147
-0.0976237,-0.993984
-0.107558,-0.992696
-0.117478,-0.991283
-0.127384,-0.989746
-0.137274,-0.988084
-0.147146,-0.986298
-0.157,-0.984388
-0.166834,-0.982353
-0.176647,-0.980194
-0.186438,-0.977912
-0.196205,-0.975505
-0.205947,-0.972974
-0.215663,-0.97032
-0.225351,-0.967543
-0.235011,-0.964642
-0.244641,-0.961617
-0.25424,-0.95847
-0.263805,-0.9552
-0.273337,-0.951807
-0.282834,-0.948292
-0.292295,-0.944654
-0.301717,-0.940895
-0.311101,-0.937013
-0.320444,-0.93301
-0.329745,-0.928885
-0.339003,-0.924639
-0.348217,-0.920272
-0.357385,-0.915784
-0.366506,-0.911175
-0.375579,-0.906447
-0.384602,-0.901598
-0.393575,-0.89663
-0.402494,-0.891543
-0.41136,-0.886336
-0.420171,-0.88101
-0.428925,-0.875567
-0.437622,-0.870005
-0.446259,-0.864325
-0.454836,-0.858528
-0.46335,-0.852614
-0.471802,-0.846583
-0.480188,-0.840436
-0.488509,-0.834174
-0.496761,-0.827795
-0.504945,-0.821302
-0.513058,-0.814695
-0.5211,-0.807973
-0.529068,-0.801137
-0.536961,-0.794189
-0.544778,-0.787127
-0.552518,-0.779954
-0.560178,-0.772669
-0.567758,-0.765272
-0.575256,-0.757765
-0.582671,-0.750149
-0.59,-0.742422
-0.597243,-0.734587
-0.604398,-0.726644
-0.611463,-0.718593
-0.618438,-0.710435
-0.62532,-0.702171
-0.632108,-0.693802
-0.6388,-0.685327
-0.645395,-0.676748
-0.651892,-0.668066
-0.658289,-0.659282
-0.664583,-0.650395
-0.670775,-0.641407
-0.676861,-0.632319
-0.682841,-0.623131
-0.688713,-0.613845
-0.694475,-0.604461
-0.700126,-0.59498
-0.705665,-0.585404
-0.711089,-0.575732
-0.716396,-0.565967
-0.721586,-0.556108
-0.726657,-0.546158
-0.731607,-0.536116
-0.736434,-0.525985
-0.741137,-0.515766
-0.745715,-0.505458
-0.750165,-0.495064
-0.754485,-0.484585
-0.758675,-0.474022
-0.762732,-0.463376
-0.766656,-0.452649
-0.770443,-0.441842
-0.774093,-0.430955
-0.777604,-0.419992
-0.780974,-0.408952
-0.784201,-0.397837
-0.787285,-0.38665
-0.790222,-0.37539
-0.793012,-0.364061
-0.795653,-0.352663
-0.798143,-0.341199
-0.80048,-0.329669
-0.802664,-0.318075
-0.804691,-0.30642
-0.806561,-0.294705
-0.808271,-0.282932
-0.809821,-0.271102
-0.811208,-0.259218
-0.812431,-0.247282
-0.813488,-0.235295
-0.814377,-0.223259
-0.815098,-0.211177
-0.815648,-0.199051
-0.816026,-0.186883
-0.816229,-0.174675
-0.816258,-0.16243
-0.816109,-0.150149
-0.815782,-0.137836
-0.815275,-0.125492
-0.814586,-0.11312
-0.813714,-0.100723
-0.812658,-0.0883029
-0.811415,-0.0758626
-0.809985,-0.0634048
-0.808367,-0.0509322
-0.806558,-0.0384476
-0.804558,-0.0259539
-0.802365,-0.013454
-0.799978,-0.00095081
-0.797395,0.0115526
-0.794616,0.0240532
-0.79164,0.0365478
-0.788464,0.0490332
-0.785089,0.0615061
-0.781513,0.0739634
-0.777734,0.0864015
-0.773753,0.0988171
-0.769568,0.111207
-0.765179,0.123567
-0.760584,0.135893
-0.755782,0.148183
-0.750775,0.160433
-0.745559,0.172638
-0.740136,0.184795
-0.734504,0.1969
-0.728664,0.208949
-0.722614,0.220938
-0.716356,0.232863
-0.709887,0.24472
-0.703209,0.256504
-0.696322,0.268213
-0.689225,0.27984
-0.681918,0.291383
-0.674403,0.302836
-0.666679,0.314195
-0.658747,0.325457
-0.650607,0.336616
-0.64226,0.347667
-0.633707,0.358608
-0.624949,0.369432
-0.615987,0.380135
-0.606822,0.390713
-0.597455,0.401161
-0.587888,0.411475
-0.578121,0.42165
-0.568158,0.43168
-0.557999,0.441562
-0.547646,0.451291
-0.537102,0.460862
-0.526369,0.470271
-0.515448,0.479512
-0.504343,0.488582
-0.493056,0.497475
-0.481589,0.506187
-0.469946,0.514714
-0.458129,0.52305
-0.446142,0.531193
-0.433988,0.539136
-0.42167,0.546876
-0.409192,0.554408
-0.396558,0.561729
-0.383772,0.568833
-0.370836,0.575718
-0.357757,0.582378
-0.344537,0.588811
-0.331182,0.595011
-0.317696,0.600977
-0.304083,0.606703
-0.290349,0.612186
-0.276498,0.617423
-0.262536,0.622411
-0.248467,0.627147
-0.234296,0.631627
-0.22003,0.635849
-0.205674,0.63981
-0.191233,0.643508
-0.176713,0.646939
-0.16212,0.650103
-0.147459,0.652997
-0.132737,0.655618
-0.11796,0.657966
-0.103133,0.660038
-0.0882627,0.661833
-0.0733556,0.663351
-0.0584176,0.664589
-0.043455,0.665548
-0.0284741,0.666227
-0.0134812,0.666624
0.00151744,0.666741
0.0165154,0.666576
0.0315064,0.66613
0.0464841,0.665404
0.0614422,0.664397
0.0763745,0.663111
0.0912747,0.661546
0.106137,0.659703
0.120954,0.657584
0.135721,0.65519
0.150431,0.652522
0.165079,0.649583
0.179658,0.646374
0.194162,0.642898
0.208587,0.639156
0.222925,0.635151
0.237173,0.630886
0.251323,0.626364
0.265372,0.621587
0.279313,0.616558
0.293141,0.61128
0.306852,0.605758
0.32044,0.599993
0.333901,0.59399
0.34723,0.587753
0.360422,0.581285
0.373474,0.574589
0.386381,0.56767
0.399138,0.560533
0.411743,0.55318
0.42419,0.545616
0.436477,0.537846
0.4486,0.529873
0.460555,0.521702
0.472339,0.513338
0.48395,0.504785
0.495383,0.496048
0.506637,0.48713
0.517708,0.478037
0.528594,0.468773
0.539293,0.459344
0.549803,0.449752
0.560121,0.440004
0.570244,0.430103
0.580173,0.420056
0.589904,0.409865
0.599436,0.399536
0.608767,0.389073
0.617897,0.378481
0.626824,0.367765
0.635546,0.356929
0.644064,0.345978
0.652375,0.334917
0.66048,0.323749
0.668377,0.312479
0.676066,0.301113
0.683547,0.289653
0.690819,0.278105
0.697882,0.266473
0.704735,0.25476
0.71138,0.242973
0.717815,0.231113
0.72404,0.219187
0.730057,0.207197
0.735865,0.195147
0.741464,0.183043
0.746855,0.170887
0.752039,0.158683
0.757016,0.146436
0.761786,0.134149
0.76635,0.121826
0.77071,0.10947
0.774865,0.0970854
0.778817,0.0846751
0.782566,0.0722428
0.786114,0.0597918
0.789461,0.0473256
0.792609,0.0348475
0.795559,0.0223606
0.798311,0.00986814
0.800867,-0.00262671
0.803228,-0.0151209
0.805396,-0.0276115
0.807371,-0.0400955
0.809155,-0.05257
0.810749,-0.0650321
0.812155,-0.0774792
0.813374,-0.0899084
0.814408,-0.102317
0.815258,-0.114703
0.815924,-0.127063
0.81641,-0.139394
0.816716,-0.151695
0.816844,-0.163963
0.816796,-0.176196
0.816572,-0.18839
0.816175,-0.200545
0.815606,-0.212658
0.814867,-0.224726
0.813959,-0.236747
0.812884,-0.24872
0.811644,-0.260643
0.81024,-0.272513
0.808674,-0.284328
0.806948,-0.296087
0.805062,-0.307787
0.80302,-0.319428
0.800821,-0.331006
0.79847,-0.342521
0.795965,-0.353971
0.793311,-0.365354
0.790507,-0.376668
0.787557,-0.387912
0.78446,-0.399085
0.78122,-0.410184
0.777838,-0.421209
0.774316,-0.432157
0.770654,-0.443029
0.766856,-0.453821
0.762922,-0.464533
0.758854,-0.475164
0.754654,-0.485712
0.750323,-0.496175
0.745864,-0.506554
0.741277,-0.516846
0.736565,-0.527051
0.731729,-0.537167
0.726771,-0.547194
0.721692,-0.557129
0.716494,-0.566973
0.711178,-0.576723
0.705747,-0.58638
0.700202,-0.595942
0.694544,-0.605408
0.688774,-0.614777
0.682896,-0.624049
0.67691,-0.633222
0.670817,-0.642295
0.66462,-0.651269
0.65832,-0.660141
0.651918,-0.668912
0.645416,-0.67758
0.638816,-0.686145
0.632118,-0.694605
0.625326,-0.702961
0.618439,-0.711211
0.61146,-0.719355
0.604391,-0.727392
0.597232,-0.735322
0.589985,-0.743143
0.582652,-0.750856
0.575234,-0.75846
0.567733,-0.765953
0.560149,-0.773336
0.552486,-0.780609
0.544743,-0.787769
0.536923,-0.794818
0.529027,-0.801753
0.521056,-0.808576
0.513012,-0.815285
0.504897,-0.821881
0.496711,-0.828361
0.488456,-0.834727
0.480133,-0.840978
0.471745,-0.847112
0.463292,-0.853131
0.454775,-0.859033
0.446197,-0.864818
0.437558,-0.870486
0.42886,-0.876036
0.420104,-0.881468
0.411292,-0.886782
0.402425,-0.891977
0.393504,-0.897053
0.384531,-0.90201
0.375506,-0.906847
0.366432,-0.911564
0.35731,-0.916161
0.348141,-0.920638
0.338926,-0.924994
0.329667,-0.929229
0.320365,-0.933343
0.311021,-0.937336
0.301637,-0.941206
0.292214,-0.944955
0.282753,-0.948582
0.273256,-0.952087
0.263723,-0.955469
0.254157,-0.958729
0.244558,-0.961866
0.234928,-0.964879
0.225268,-0.96777
0.215579,-0.970537
0.205862,-0.973181
0.19612,-0.975701
0.186353,-0.978098
0.176562,-0.98037
0.166748,-0.982519
0.156914,-0.984544
0.14706,-0.986444
0.137187,-0.98822
0.127297,-0.989872
0.117392,-0.991399
0.107471,-0.992802
0.0975367,-0.99408
0.0875903,-0.995233
0.0776329,-0.996262
0.0676659,-0.997166
0.0576903,-0.997945
0.0477075,-0.998599
0.0377188,-0.999128
0.0277253,-0.999532
0.0177284,-0.999812
0.00772922,-0.999966
-0.00227089,-0.999995
-0.0122707,-0.999899
-0.022269,-0.999679
-0.0322645,-0.999333
-0.042256,-0.998862
-0.0522422,-0.998267
-0.0622219,-0.997546
-0.0721937,-0.996701
-0.0821565,-0.99573
-0.0921091,-0.994635
-0.10205,-0.993416
-0.111978,-0.992071
-0.121892,-0.990602
-0.131791,-0.989008
-0.141673,-0.98729
-0.151538,-0.985448
-0.161383,-0.983481
-0.171208,-0.98139
-0.181011,-0.979175
-0.190791,-0.976836
-0.200547,-0.974373
-0.210278,-0.971786
-0.219982,-0.969076
-0.229658,-0.966243
-0.239304,-0.963286
-0.24892,-0.960206
-0.258504,-0.957003
-0.268055,-0.953677
-0.277572,-0.950228
-0.287052,-0.946657
-0.296496,-0.942964
-0.305901,-0.939149
-0.315267,-0.935212
-0.324591,-0.931154
-0.333874,-0.926974
-0.343112,-0.922672
-0.352306,-0.91825
-0.361453,-0.913708
-0.370553,-0.909045
-0.379604,-0.904261
-0.388604,-0.899358
-0.397553,-0.894336
-0.406449,-0.889194
-0.415291,-0.883933
-0.424076,-0.878554
-0.432805,-0.873056
-0.441475,-0.867441
-0.450085,-0.861708
-0.458634,-0.855857
-0.467121,-0.84989
-0.475543,-0.843806
-0.4839,-0.837606
-0.492191,-0.831291
-0.500413,-0.82486
-0.508565,-0.818314
-0.516646,-0.811655
-0.524655,-0.804881
-0.53259,-0.797993
-0.540449,-0.790993
-0.548232,-0.783881
-0.555936,-0.776656
-0.56356,-0.76932
-0.571104,-0.761873
-0.578564,-0.754316
-0.585941,-0.746649
-0.593231,-0.738872
-0.600435,-0.730988
-0.60755,-0.722995
-0.614575,-0.714895
-0.621508,-0.706688
-0.628348,-0.698376
-0.635093,-0.689958
-0.641742,-0.681435
-0.648293,-0.672809
-0.654744,-0.66408
-0.661095,-0.655248
-0.667343,-0.646314
-0.673488,-0.63728
-0.679526,-0.628146
-0.685458,-0.618913
-0.691281,-0.609582
-0.696993,-0.600153
-0.702593,-0.590628
-0.70808,-0.581007
-0.713452,-0.571292
-0.718706,-0.561484
-0.723843,-0.551583
-0.728859,-0.54159
-0.733754,-0.531507
-0.738525,-0.521335
-0.743171,-0.511074
-0.747691,-0.500726
-0.752083,-0.490293
-0.756344,-0.479775
-0.760474,-0.469173
-0.764471,-0.458489
-0.768333,-0.447724
-0.772058,-0.43688
-0.775645,-0.425957
-0.779092,-0.414958
-0.782398,-0.403883
-0.78556,-0.392734
-0.788578,-0.381513
-0.791448,-0.370221
-0.794171,-0.358859
-0.796743,-0.34743
-0.799164,-0.335934
-0.801431,-0.324374
-0.803544,-0.312752
-0.805499,-0.301068
-0.807297,-0.289325
-0.808934,-0.277525
-0.81041,-0.265669
-0.811722,-0.25376
-0.81287,-0.241799
-0.813851,-0.229789
-0.814663,-0.217731
-0.815306,-0.205628
-0.815778,-0.193481
-0.816076,-0.181294
-0.8162,-0.169068
-0.816147,-0.156805
-0.815917,-0.144508
-0.815508,-0.132179
-0.814918,-0.119821
-0.814145,-0.107437
-0.813189,-0.0950276
-0.812047,-0.0825969
-0.810719,-0.0701473
-0.809203,-0.0576814
-0.807498,-0.045202
-0.805601,-0.0327119
-0.803513,-0.020214
-0.801231,-0.0077112
-0.798754,0.00479344
-0.796081,0.0172969
-0.793212,0.0297961
-0.790144,0.0422878
-0.786876,0.0547689
-0.783409,0.067236
-0.77974,0.0796858
-0.775868,0.092115
-0.771793,0.10452
-0.767514,0.116897
-0.76303,0.129243
-0.75834,0.141555
-0.753443,0.153827
-0.74834,0.166058
-0.743029,0.178242
-0.737509,0.190377
-0.731781,0.202457
-0.725844,0.21448
-0.719698,0.226441
-0.713343,0.238336
-0.706777,0.250161
-0.700002,0.261912
-0.693018,0.273584
-0.685824,0.285174
-0.678421,0.296676
-0.670809,0.308088
-0.662988,0.319403
-0.65496,0.330619
-0.646724,0.341729
-0.638282,0.352731
-0.629634,0.363619
-0.620781,0.374389
-0.611724,0.385035
-0.602465,0.395555
-0.593005,0.405942
-0.583345,0.416193
-0.573487,0.426302
-0.563433,0.436265
-0.553184,0.446078
-0.542742,0.455735
-0.53211,0.465232
-0.521289,0.474564
-0.510282,0.483727
-0.499092,0.492716
-0.487721,0.501527
-0.476171,0.510154
-0.464447,0.518594
-0.452551,0.526842
-0.440486,0.534893
-0.428255,0.542743
-0.415862,0.550388
-0.403311,0.557823
-0.390605,0.565044
-0.377749,0.572048
-0.364746,0.57883
-0.351601,0.585385
-0.338318,0.591711
-0.324901,0.597803
-0.311355,0.603658
-0.297685,0.609272
-0.283896,0.614642
-0.269992,0.619765
-0.255979,0.624636
-0.241862,0.629254
-0.227647,0.633615
-0.213338,0.637717
-0.198941,0.641556
-0.184463,0.645131
-0.169908,0.648439
-0.155282,0.651478
-0.140592,0.654245
-0.125844,0.65674
-0.111042,0.65896
-0.0961946,0.660904
-0.0813064,0.662571
-0.0663841,0.66396
-0.0514338,0.665069
-0.0364619,0.665898
-0.0214746,0.666446
-0.00647824,0.666713
0.00852084,0.6667
0.0235163,0.666405
0.0385019,0.665829
0.0534713,0.664972
0.0684181,0.663836
0.0833362,0.66242
0.0982192,0.660726
0.113061,0.658755
0.127856,0.656509
0.142597,0.653988
0.157278,0.651194
0.171895,0.64813
0.18644,0.644797
0.200908,0.641197
0.215293,0.637333
0.22959,0.633208
0.243793,0.628823
0.257896,0.624183
0.271895,0.619288
0.285784,0.614144
0.299558,0.608753
0.313212,0.603118
0.326742,0.597243
0.340142,0.591131
0.353408,0.584787
0.366535,0.578213
0.37952,0.571414
0.392358,0.564394
0.405044,0.557156
0.417576,0.549706
0.429949,0.542046
0.44216,0.534182
0.454205,0.526118
0.466081,0.517857
0.477785,0.509406
0.489313,0.500767
0.500664,0.491946
0.511833,0.482948
0.522818,0.473776
0.533618,0.464435
0.544229,0.454931
0.55465,0.445267
0.564878,0.435448
0.574911,0.42548
0.584748,0.415366
0.594387,0.405111
0.603826,0.39472
0.613064,0.384198
0.622099,0.373549
0.630932,0.362778
0.639559,0.351889
0.647981,0.340887
0.656197,0.329777
0.664206,0.318563
0.672007,0.307248
0.6796,0.295839
0.686984,0.284339
0.694159,0.272752
0.701125,0.261084
0.707882,0.249337
0.714429,0.237516
0.720767,0.225626
0.726897,0.213671
0.732817,0.201654
0.738528,0.18958
0.744031,0.177452
0.749327,0.165275
0.754415,0.153052
0.759296,0.140787
0.763972,0.128483
0.768442,0.116146
0.772707,0.103777
0.776768,0.0913809
0.780627,0.078961
0.784283,0.0665206
0.787739,0.0540632
0.790994,0.041592
0.794051,0.0291104
0.796909,0.0166216
0.799571,0.00412863
0.802038,-0.00836534
0.80431,-0.0208573
0.806389,-0.0333442
0.808276,-0.0458232
0.809973,-0.0582914
0.811481,-0.070746
0.812801,-0.0831843
0.813935,-0.0956035
0.814884,-0.108001
0.81565,-0.120374
0.816234,-0.13272
0.816637,-0.145037
0.816861,-0.157323
0.816908,-0.169574
0.81678,-0.181788
0.816477,-0.193964
0.816001,-0.206099
0.815354,-0.21819
0.814538,-0.230236
0.813554,-0.242235
0.812403,-0.254184
0.811088,-0.266082
0.80961,-0.277926
0.80797,-0.289715
0.806171,-0.301447
0.804214,-0.313119
0.802101,-0.324731
0.799832,-0.33628
0.797411,-0.347764
0.794838,-0.359183
0.792115,-0.370534
0.789245,-0.381815
0.786228,-0.393026
0.783066,-0.404165
0.779762,-0.415229
0.776315,-0.426219
0.77273,-0.437131
0.769006,-0.447966
0.765146,-0.458721
0.761151,-0.469395
0.757023,-0.479988
0.752763,-0.490497
0.748374,-0.500921
0.743857,-0.51126
0.739214,-0.521512
0.734445,-0.531676
0.729554,-0.54175
0.724541,-0.551735
0.719408,-0.561628
0.714156,-0.571428
0.708788,-0.581136
0.703305,-0.590749
0.697709,-0.600267
0.692,-0.609688
0.686182,-0.619012
0.680254,-0.628239
0.67422,-0.637366
0.66808,-0.646394
0.661836,-0.655321
0.65549,-0.664147
0.649043,-0.67287
0.642497,-0.681491
0.635852,-0.690008
0.629112,-0.69842
0.622277,-0.706727
0.615349,-0.714929
0.608329,-0.723024
0.601219,-0.731012
0.59402,-0.738892
0.586735,-0.746664
0.579363,-0.754327
0.571908,-0.76188
0.564369,-0.769323
0.55675,-0.776656
0.549051,-0.783877
0.541273,-0.790986
0.533419,-0.797983
0.525489,-0.804867
0.517485,-0.811638
0.509409,-0.818295
0.501262,-0.824838
0.493045,-0.831267
0.484759,-0.83758
0.476407,-0.843778
0.46799,-0.849859
0.459508,-0.855825
0.450964,-0.861674
0.442358,-0.867405
0.433692,-0.87302
0.424968,-0.878516
0.416187,-0.883894
0.40735,-0.889154
0.398459,-0.894295
0.389514,-0.899317
0.380518,-0.904219
0.371471,-0.909002
0.362376,-0.913664
0.353233,-0.918207
0.344043,-0.922629
0.334808,-0.92693
0.32553,-0.93111
0.316209,-0.935169
0.306847,-0.939106
0.297445,-0.942922
0.288005,-0.946615
0.278528,-0.950187
0.269014,-0.953636
0.259467,-0.956962
0.249885,-0.960166
0.240272,-0.963247
0.230629,-0.966205
0.220956,-0.96904
0.211254,-0.971751
0.201526,-0.974339
0.191772,-0.976803
0.181994,-0.979143
0.172193,-0.98136
0.162371,-0.983452
0.152527,-0.98542
0.142665,-0.987264
0.132784,-0.988984
0.122887,-0.990579
0.112974,-0.99205
0.103048,-0.993396
0.0931079,-0.994618
0.0831564,-0.995715
0.0731946,-0.996687
0.0632236,-0.997534
0.0532446,-0.998257
0.043259,-0.998854
0.033268,-0.999327
0.0232729,-0.999674
0.0132748,-0.999897
0.00327505,-0.999995
-0.0067251,-0.999967
-0.0167244,-0.999815
-0.0267216,-0.999537
-0.0367155,-0.999135
-0.0467048,-0.998608
-0.0566882,-0.997956
-0.0666645,-0.997178
-0.0766325,-0.996276
-0.0865909,-0.995249
-0.0965385,-0.994098
-0.106474,-0.992822
-0.116396,-0.991421
-0.126303,-0.989895
-0.136195,-0.988245
-0.146069,-0.98647
-0.155925,-0.984571
-0.165762,-0.982548
-0.175577,-0.980401
-0.18537,-0.97813
-0.19514,-0.975734
-0.204885,-0.973215
-0.214604,-0.970573
-0.224295,-0.967807
-0.233958,-0.964917
-0.243591,-0.961904
-0.253193,-0.958768
-0.262763,-0.95551
-0.272298,-0.952128
-0.281799,-0.948624
-0.291263,-0.944998
-0.30069,-0.941249
-0.310078,-0.937378
-0.319425,-0.933386
-0.328731,-0.929272
-0.337994,-0.925037
-0.347213,-0.920681
-0.356386,-0.916204
-0.365512,-0.911607
-0.37459,-0.906889
-0.383619,-0.902051
-0.392596,-0.897094
-0.401521,-0.892017
-0.410393,-0.886821
-0.41921,-0.881506
-0.42797,-0.876073
-0.436673,-0.870521
-0.445316,-0.864852
-0.453899,-0.859066
-0.462421,-0.853162
-0.470879,-0.847141
-0.479272,-0.841005
-0.487599,-0.834752
-0.495859,-0.828384
-0.50405,-0.821901
-0.512171,-0.815303
-0.52022,-0.808591
-0.528195,-0.801765
-0.536096,-0.794826
-0.543922,-0.787774
-0.551669,-0.78061
-0.559338,-0.773335
-0.566926,-0.765948
-0.574432,-0.75845
-0.581855,-0.750843
-0.589193,-0.743126
-0.596445,-0.7353
-0.603609,-0.727365
-0.610684,-0.719323
-0.617667,-0.711174
-0.624559,-0.702919
-0.631356,-0.694558
-0.638058,-0.686092
-0.644663,-0.677522
-0.65117,-0.668848
-0.657576,-0.660071
-0.663881,-0.651193
-0.670083,-0.642213
-0.676179,-0.633132
-0.68217,-0.623953
-0.688053,-0.614674
-0.693826,-0.605298
-0.699488,-0.595824
-0.705037,-0.586255
-0.710472,-0.576591
-0.715791,-0.566832
-0.720992,-0.556981
-0.726075,-0.547037
-0.731036,-0.537003
-0.735875,-0.526878
-0.74059,-0.516665
-0.74518,-0.506364
-0.749641,-0.495976
-0.753974,-0.485503
-0.758177,-0.474946
-0.762246,-0.464306
-0.766182,-0.453584
-0.769982,-0.442782
-0.773645,-0.431901
-0.777169,-0.420942
-0.780552,-0.409908
-0.783793,-0.398798
-0.786889,-0.387615
-0.78984,-0.37636
-0.792644,-0.365036
-0.795298,-0.353642
-0.797802,-0.342181
-0.800153,-0.330655
-0.80235,-0.319066
-0.804391,-0.307414
-0.806275,-0.295702
-0.808,-0.283932
-0.809564,-0.272105
-0.810965,-0.260224
-0.812202,-0.24829
-0.813274,-0.236305
-0.814178,-0.224272
-0.814914,-0.212192
-0.815478,-0.200068
-0.815871,-0.187902
-0.81609,-0.175695
-0.816133,-0.163451
-0.816,-0.151172
-0.815688,-0.138859
-0.815196,-0.126516
-0.814522,-0.114144
-0.813666,-0.101747
-0.812625,-0.0893266
-0.811398,-0.076886
-0.809984,-0.0644276
-0.808381,-0.0519541
-0.806588,-0.0394685
-0.804604,-0.0269735
-0.802426,-0.014472
-0.800055,-0.00196707
-0.797489,0.0105384
-0.794726,0.0230412
-0.791765,0.0355384
-0.788605,0.0480266
-0.785246,0.0605026
-0.781686,0.0729631
-0.777924,0.0854048
-0.773958,0.0978242
-0.76979,0.110218
-0.765416,0.122582
-0.760837,0.134914
-0.756052,0.147209
-0.75106,0.159463
-0.745861,0.171674
-0.740454,0.183837
-0.734838,0.195948
-0.729014,0.208003
-0.72298,0.219999
-0.716737,0.231931
-0.710285,0.243795
-0.703622,0.255587
-0.696751,0.267303
-0.689669,0.278938
-0.682378,0.290489
-0.674878,0.301951
-0.66717,0.31332
-0.659253,0.324591
-0.651128,0.335759
-0.642797,0.346821
-0.634259,0.357771
-0.625516,0.368606
-0.616568,0.37932
-0.607418,0.389909
-0.598065,0.400369
-0.588512,0.410694
-0.57876,0.420881
-0.568811,0.430924
-0.558666,0.440819
-0.548327,0.45056
-0.537796,0.460145
-0.527076,0.469567
-0.516168,0.478822
-0.505076,0.487906
-0.493801,0.496813
-0.482347,0.50554
-0.470716,0.514082
-0.458911,0.522434
-0.446936,0.530591
-0.434793,0.53855
-0.422487,0.546306
-0.41002,0.553855
-0.397396,0.561192
-0.38462,0.568314
-0.371695,0.575215
-0.358625,0.581893
-0.345415,0.588343
-0.332069,0.594561
-0.318591,0.600544
-0.304987,0.606289
-0.291261,0.61179
-0.277417,0.617046
-0.263462,0.622053
-0.2494,0.626807
-0.235236,0.631307
-0.220977,0.635548
-0.206626,0.639529
-0.192191,0.643246
-0.177676,0.646697
-0.163087,0.649881
-0.148431,0.652794
-0.133713,0.655436
-0.118939,0.657803
-0.104115,0.659896
-0.0892475,0.661712
-0.0743427,0.66325
-0.0594065,0.664509
-0.0444453,0.665488
-0.0294655,0.666187
-0.0144731,0.666605
0.000525264,0.666742
0.0155235,0.666598
0.0305151,0.666173
0.0454939,0.665467
0.0604535,0.66448
0.0753877,0.663215
0.0902902,0.66167
0.105155,0.659847
0.119975,0.657748
0.134746,0.655374
0.14946,0.652727
0.164112,0.649808
0.178695,0.646619
0.193205,0.643162
0.207635,0.63944
0.22198,0.635454
0.236233,0.631209
0.250391,0.626705
0.264446,0.621947
0.278394,0.616937
0.29223,0.611678
0.305949,0.606174
0.319546,0.600427
0.333015,0.594443
0.346354,0.588223
0.359555,0.581772
0.372617,0.575094
0.385534,0.568192
0.398302,0.561071
0.410917,0.553735
0.423375,0.546187
0.435673,0.538433
0.447807,0.530476
0.459774,0.522321
0.47157,0.513972
0.483193,0.505434
0.494639,0.496711
0.505905,0.487808
0.516989,0.478729
0.527889,0.469479
0.538601,0.460063
0.549124,0.450484
0.559455,0.440749
0.569593,0.430861
0.579535,0.420825
0.58928,0.410647
0.598826,0.400329
0.608172,0.389878
0.617317,0.379297
0.626258,0.368592
0.634996,0.357767
0.643528,0.346826
0.651855,0.335774
0.659975,0.324616
0.667887,0.313356
0.675592,0.301998
0.683088,0.290547
0.690376,0.279007
0.697454,0.267383
0.704323,0.255679
0.710983,0.243898
0.717434,0.232046
0.723676,0.220126
0.729708,0.208143
0.735532,0.1961
0.741147,0.184002
0.746555,0.171851
0.751754,0.159654
0.756747,0.147412
0.761533,0.13513
0.766114,0.122811
0.770489,0.110459
0.774661,0.0980787
0.778629,0.0856722
0.782394,0.0732434
0.785958,0.0607958
0.789321,0.0483326
0.792485,0.0358572
0.79545,0.0233728
0.798218,0.0108827
0.80079,-0.00161016
0.803167,-0.0141026
0.805351,-0.0265916
0.807342,-0.0390743
0.809141,-0.0515478
0.810751,-0.0640091
0.812173,-0.0764556
0.813408,-0.0888845
0.814457,-0.101293
0.815322,-0.113679
0.816004,-0.126039
0.816505,-0.138371
0.816826,-0.150673
0.816969,-0.162942
0.816936,-0.175176
0.816727,-0.187372
0.816345,-0.199528
0.815791,-0.211642
0.815067,-0.223712
0.814173,-0.235736
0.813113,-0.247712
0.811887,-0.259637
0.810498,-0.271509
0.808946,-0.283327
0.807234,-0.295089
0.805362,-0.306793
0.803334,-0.318437
0.801149,-0.33002
0.798811,-0.341539
0.796321,-0.352992
0.79368,-0.364379
0.79089,-0.375698
0.787952,-0.386947
0.784869,-0.398124
0.781643,-0.409228
0.778274,-0.420258
0.774764,-0.431211
0.771115,-0.442088
0.767329,-0.452886
0.763408,-0.463603
0.759352,-0.47424
0.755165,-0.484794
0.750846,-0.495263
0.746399,-0.505648
0.741825,-0.515947
0.737124,-0.526158
0.7323,-0.536281
0.727353,-0.546314
0.722286,-0.556256
0.717099,-0.566107
0.711795,-0.575864
0.706375,-0.585528
0.70084,-0.595097
0.695193,-0.604571
0.689435,-0.613948
0.683567,-0.623227
0.677591,-0.632408
0.671509,-0.641489
0.665322,-0.650471
0.659032,-0.659351
0.65264,-0.66813
0.646148,-0.676806
0.639557,-0.685379
0.63287,-0.693848
0.626087,-0.702213
0.619209,-0.710472
0.61224,-0.718624
0.605179,-0.72667
0.598029,-0.734609
0.590791,-0.74244
0.583467,-0.750162
0.576057,-0.757774
0.568565,-0.765277
0.56099,-0.77267
0.553334,-0.779951
0.5456,-0.787121
0.537788,-0.794179
0.529899,-0.801125
0.521936,-0.807957
0.5139,-0.814677
0.505791,-0.821282
0.497613,-0.827772
0.489365,-0.834148
0.481049,-0.840409
0.472668,-0.846554
0.464221,-0.852582
0.455711,-0.858495
0.447139,-0.86429
0.438507,-0.869968
0.429815,-0.875529
0.421065,-0.880972
0.412259,-0.886296
0.403397,-0.891502
0.394482,-0.896588
0.385514,-0.901556
0.376495,-0.906404
0.367427,-0.911132
0.35831,-0.91574
0.349146,-0.920228
0.339936,-0.924595
0.330681,-0.928841
0.321384,-0.932966
0.312044,-0.936969
0.302664,-0.940851
0.293245,-0.944611
0.283788,-0.94825
0.274295,-0.951766
0.264766,-0.955159
0.255203,-0.95843
0.245608,-0.961578
0.235981,-0.964603
0.226324,-0.967505
0.216638,-0.970284
0.206925,-0.972939
0.197185,-0.975471
0.18742,-0.977879
0.177632,-0.980163
0.167821,-0.982323
0.157989,-0.984359
0.148137,-0.986271
0.138266,-0.988059
0.128378,-0.989722
0.118474,-0.991261
0.108555,-0.992676
0.0986218,-0.993965
0.0886767,-0.99513
0.0787205,-0.996171
0.0687544,-0.997086
0.0587797,-0.997877
0.0487976,-0.998543
0.0388095,-0.999084
0.0288165,-0.999499
0.0188198,-0.99979
0.00882086,-0.999956
-0.00117921,-0.999997
-0.0111791,-0.999913
-0.0211777,-0.999704
-0.0311735,-0.99937
-0.0411655,-0.998911
-0.0511524,-0.998327
-0.0611328,-0.997619
-0.0711056,-0.996785
-0.0810694,-0.995826
-0.0910232,-0.994743
-0.100965,-0.993535
-0.110895,-0.992202
-0.120811,-0.990744
-0.130711,-0.989162
-0.140595,-0.987456
-0.150462,-0.985625
-0.160309,-0.98367
-0.170136,-0.98159
-0.179942,-0.979387
-0.189725,-0.977059
-0.199483,-0.974608
-0.209217,-0.972033
-0.218924,-0.969334
-0.228603,-0.966512
-0.238253,-0.963566
-0.247872,-0.960497
-0.257459,-0.957306
-0.267014,-0.953991
-0.276534,-0.950554
-0.286019,-0.946994
-0.295467,-0.943312
-0.304876,-0.939508
-0.314246,-0.935583
-0.323575,-0.931535
-0.332862,-0.927366
-0.342105,-0.923076
-0.351304,-0.918665
-0.360456,-0.914133
-0.369561,-0.909481
-0.378617,-0.904709
-0.387623,-0.899816
-0.396577,-0.894804
-0.405479,-0.889673
-0.414326,-0.884423
-0.423118,-0.879054
-0.431852,-0.873567
-0.440529,-0.867962
-0.449146,-0.862239
-0.457701,-0.856399
-0.466194,-0.850442
-0.474623,-0.844369
-0.482987,-0.838179
-0.491285,-0.831874
-0.499514,-0.825453
-0.507673,-0.818917
-0.515762,-0.812267
-0.523778,-0.805503
-0.531721,-0.798626
-0.539588,-0.791635
-0.547379,-0.784532
-0.555091,-0.777317
-0.562724,-0.76999
-0.570275,-0.762553
-0.577744,-0.755005
-0.585129,-0.747347
-0.592429,-0.73958
-0.599641,-0.731704
-0.606765,-0.72372
-0.613799,-0.715629
-0.620742,-0.707431
-0.627591,-0.699127
-0.634345,-0.690718
-0.641004,-0.682204
-0.647565,-0.673586
-0.654027,-0.664865
-0.660387,-0.656041
-0.666646,-0.647116
-0.6728,-0.63809
-0.67885,-0.628963
-0.684792,-0.619738
-0.690625,-0.610414
-0.696348,-0.600993
-0.701959,-0.591475
-0.707457,-0.581862
-0.71284,-0.572154
-0.718106,-0.562353
-0.723254,-0.552458
-0.728282,-0.542473
-0.733188,-0.532396
-0.737971,-0.52223
-0.74263,-0.511976
-0.747162,-0.501635
-0.751565,-0.491207
-0.755839,-0.480695
-0.759982,-0.470099
-0.763991,-0.459421
-0.767865,-0.448662
-0.771603,-0.437823
-0.775203,-0.426905
-0.778663,-0.415911
-0.781982,-0.404841
-0.785158,-0.393697
-0.788188,-0.38248
-0.791072,-0.371193
-0.793808,-0.359835
-0.796394,-0.34841
-0.798829,-0.336919
-0.80111,-0.325362
-0.803236,-0.313743
-0.805206,-0.302063
-0.807018,-0.290323
-0.808669,-0.278526
-0.810159,-0.266674
-0.811486,-0.254767
-0.812648,-0.242809
-0.813644,-0.230801
-0.814471,-0.218745
-0.815129,-0.206644
-0.815615,-0.194499
-0.815928,-0.182313
-0.816067,-0.170088
-0.81603,-0.157826
-0.815815,-0.14553
-0.815421,-0.133202
-0.814846,-0.120845
-0.814089,-0.10846
-0.813148,-0.0960513
-0.812022,-0.0836205
-0.810709,-0.0711704
-0.809209,-0.0587038
-0.807519,-0.0462234
-0.805638,-0.0337322
-0.803566,-0.0212328
-0.801299,-0.00872843
-0.798839,0.0037781
-0.796182,0.0162837
-0.793328,0.0287853
-0.790276,0.0412797
-0.787025,0.0537636
-0.783573,0.0662339
-0.77992,0.0786872
-0.776065,0.09112
-0.772006,0.103529
-0.767743,0.115911
-0.763275,0.128261
-0.758601,0.140577
-0.753721,0.152855
-0.748633,0.165091
-0.743338,0.177281
-0.737835,0.189421
-0.732123,0.201508
-0.726202,0.213537
-0.720071,0.225505
-0.713731,0.237407
-0.707182,0.249239
-0.700423,0.260998
-0.693454,0.272678
-0.686276,0.284276
-0.678888,0.295787
-0.671291,0.307207
-0.663486,0.318532
-0.655473,0.329757
-0.647253,0.340877
-0.638825,0.351889
-0.630192,0.362787
-0.621354,0.373568
-0.612312,0.384226
-0.603068,0.394756
-0.593622,0.405155
-0.583977,0.415418
-0.574133,0.425539
-0.564092,0.435515
-0.553857,0.44534
-0.543429,0.45501
-0.53281,0.464521
-0.522002,0.473867
-0.511008,0.483044
-0.499831,0.492047
-0.488472,0.500872
-0.476935,0.509514
-0.465223,0.517969
-0.453338,0.526232
-0.441285,0.534299
-0.429065,0.542165
-0.416684,0.549826
-0.404143,0.557278
-0.391448,0.564516
-0.378602,0.571536
-0.365609,0.578335
-0.352473,0.584908
-0.339199,0.591251
-0.325791,0.597361
-0.312254,0.603235
-0.298592,0.608867
-0.284811,0.614255
-0.270915,0.619397
-0.256909,0.624287
-0.242799,0.628924
-0.22859,0.633304
-0.214287,0.637425
-0.199896,0.641284
-0.185423,0.644878
-0.170873,0.648206
-0.156252,0.651265
-0.141566,0.654052
-0.126821,0.656567
-0.112023,0.658808
-0.097178,0.660772
-0.0822923,0.662459
-0.0673721,0.663868
-0.0524235,0.664998
-0.0374528,0.665847
-0.0224663,0.666416
-0.00747037,0.666704
0.00752872,0.66671
0.0225246,0.666436
0.0375111,0.665881
0.0524817,0.665045
0.0674302,0.663929
0.0823503,0.662533
0.0972359,0.66086
0.112081,0.658909
0.126879,0.656683
0.141623,0.654182
0.156309,0.651408
0.17093,0.648364
0.18548,0.64505
0.199953,0.64147
0.214344,0.637626
0.228647,0.63352
0.242856,0.629155
0.256967,0.624533
0.270973,0.619658
0.284869,0.614532
0.298651,0.609159
0.312314,0.603543
0.325852,0.597686
0.339261,0.591592
0.352536,0.585265
0.365673,0.578708
0.378667,0.571927
0.391515,0.564923
0.404212,0.557702
0.416755,0.550268
0.429139,0.542625
0.441361,0.534777
0.453418,0.526728
0.465306,0.518483
0.477021,0.510046
0.488562,0.501423
0.499925,0.492616
0.511107,0.483632
0.522105,0.474474
0.532918,0.465147
0.543543,0.455656
0.553977,0.446005
0.564219,0.436199
0.574266,0.426243
0.584117,0.416141
0.59377,0.405898
0.603223,0.395519
0.612476,0.385008
0.621526,0.37437
0.630373,0.36361
0.639016,0.352731
0.647453,0.34174
0.655684,0.330639
0.663708,0.319434
0.671524,0.308129
0.679132,0.296728
0.686532,0.285237
0.693723,0.273659
0.700705,0.261998
0.707477,0.250259
0.71404,0.238446
0.720394,0.226563
0.726539,0.214614
0.732475,0.202603
0.738203,0.190535
0.743722,0.178413
0.749034,0.166242
0.754138,0.154024
0.759035,0.141764
0.763726,0.129466
0.768212,0.117132
0.772494,0.104768
0.776571,0.0923759
0.780446,0.0799597
0.784118,0.0675228
0.78759,0.0550686
0.790861,0.0426003
0.793934,0.0301214
0.796808,0.0176349
0.799486,0.00514413
0.801968,-0.00734793
0.804256,-0.0198382
0.806351,-0.0323237
0.808254,-0.0448016
0.809967,-0.0572688
0.81149,-0.0697228
0.812826,-0.0821605
0.813975,-0.0945795
0.81494,-0.106977
0.815721,-0.11935
0.81632,-0.131697
0.816739,-0.144015
0.816978,-0.156301
0.81704,-0.168553
0.816927,-0.180769
0.816639,-0.192946
0.816178,-0.205082
0.815546,-0.217176
0.814744,-0.229224
0.813774,-0.241225
0.812638,-0.253177
0.811338,-0.265077
0.809874,-0.276924
0.808249,-0.288716
0.806464,-0.300451
0.804521,-0.312127
0.802421,-0.323742
0.800166,-0.335295
0.797759,-0.346783
0.7952,-0.358206
0.792491,-0.369561
0.789633,-0.380847
0.78663,-0.392062
0.783481,-0.403206
0.78019,-0.414275
0.776757,-0.42527
0.773184,-0.436188
0.769473,-0.447028
0.765625,-0.457788
0.761643,-0.468468
0.757527,-0.479066
0.75328,-0.489581
0.748903,-0.500012
0.744398,-0.510357
0.739766,-0.520615
0.73501,-0.530785
0.73013,-0.540867
0.725128,-0.550858
0.720007,-0.560758
0.714767,-0.570566
0.70941,-0.58028
0.703938,-0.5899
0.698352,-0.599425
0.692655,-0.608854
0.686847,-0.618186
0.68093,-0.62742
0.674906,-0.636556
0.668777,-0.645591
0.662543,-0.654526
0.656207,-0.66336
0.64977,-0.672092
0.643233,-0.680721
0.636599,-0.689246
0.629868,-0.697667
0.623042,-0.705983
0.616123,-0.714193
0.609113,-0.722297
0.602012,-0.730294
0.594822,-0.738183
0.587545,-0.745964
0.580182,-0.753636
0.572735,-0.761199
0.565205,-0.768651
0.557594,-0.775993
0.549903,-0.783224
0.542133,-0.790343
0.534287,-0.797349
0.526365,-0.804243
0.518369,-0.811024
0.5103,-0.817691
0.50216,-0.824244
0.49395,-0.830682
0.485672,-0.837006
0.477326,-0.843213
0.468915,-0.849305
0.46044,-0.855281
0.451903,-0.86114
0.443303,-0.866882
0.434644,-0.872507
0.425926,-0.878014
0.417151,-0.883403
0.40832,-0.888673
0.399434,-0.893825
0.390495,-0.898857
0.381504,-0.90377
0.372463,-0.908564
0.363372,-0.913237
0.354234,-0.917791
0.345049,-0.922223
0.335819,-0.926536
0.326546,-0.930727
0.317229,-0.934796
0.307872,-0.938745
0.298474,-0.942571
0.289038,-0.946276
0.279564,-0.949859
0.270055,-0.953319
0.260511,-0.956657
0.250933,-0.959872
0.241324,-0.962965
0.231683,-0.965934
0.222013,-0.96878
0.212315,-0.971503
0.20259,-0.974102
0.192839,-0.976577
0.183063,-0.978929
0.173265,-0.981157
0.163444,-0.983261
0.153603,-0.985241
0.143742,-0.987097
0.133864,-0.988828
0.123968,-0.990435
0.114057,-0.991917
0.104132,-0.993275
0.0941936,-0.994509
0.0842434,-0.995617
0.0742826,-0.996601
0.0643125,-0.99746
0.0543344,-0.998194
0.0443494,-0.998803
0.0343589,-0.999287
0.0243642,-0.999647
0.0143663,-0.999881
0.00436672,-0.99999
-0.00563344,-0.999975
-0.0156329,-0.999834
-0.0256304,-0.999568
-0.0356247,-0.999178
-0.0456146,-0.998662
-0.0555987,-0.998021
-0.0655759,-0.997256
-0.0755448,-0.996366
-0.0855044,-0.99535
-0.0954531,-0.994211
-0.10539,-0.992946
-0.115314,-0.991556
-0.125223,-0.990042
-0.135116,-0.988404
-0.144992,-0.986641
-0.15485,-0.984754
-0.164689,-0.982742
-0.174507,-0.980606
-0.184302,-0.978347
-0.194074,-0.975963
-0.203822,-0.973455
-0.213544,-0.970824
-0.223238,-0.968069
-0.232905,-0.965191
-0.242541,-0.96219
-0.252146,-0.959065
-0.261719,-0.955818
-0.271259,-0.952448
-0.280763,-0.948955
-0.290232,-0.94534
-0.299662,-0.941602
-0.309054,-0.937743
-0.318406,-0.933762
-0.327716,-0.929659
-0.336984,-0.925435
-0.346208,-0.92109
-0.355386,-0.916624
-0.364517,-0.912037
-0.3736,-0.90733
-0.382634,-0.902503
-0.391617,-0.897557
-0.400548,-0.89249
-0.409425,-0.887305
-0.418248,-0.882001
-0.427014,-0.876578
-0.435723,-0.871037
-0.444373,-0.865378
-0.452963,-0.859602
-0.46149,-0.853709
-0.469955,-0.847698
-0.478355,-0.841572
-0.486689,-0.835329
-0.494956,-0.828971
-0.503154,-0.822498
-0.511282,-0.81591
-0.519339,-0.809208
-0.527322,-0.802392
-0.535231,-0.795463
-0.543064,-0.788421
-0.55082,-0.781266
-0.558497,-0.774
-0.566093,-0.766623
-0.573608,-0.759134
-0.581039,-0.751536
-0.588386,-0.743828
-0.595647,-0.736011
-0.60282,-0.728086
-0.609903,-0.720053
-0.616896,-0.711913
-0.623797,-0.703666
-0.630604,-0.695313
-0.637315,-0.686856
-0.64393,-0.678294
-0.650446,-0.669629
-0.656863,-0.66086
-0.663178,-0.65199
-0.66939,-0.643018
-0.675497,-0.633945
-0.681498,-0.624773
-0.687391,-0.615503
-0.693175,-0.606134
-0.698848,-0.596668
-0.704408,-0.587106
-0.709854,-0.577449
-0.715185,-0.567697
-0.720397,-0.557853
-0.725491,-0.547916
-0.730464,-0.537888
-0.735315,-0.52777
-0.740042,-0.517563
-0.744643,-0.507269
-0.749117,-0.496887
-0.753462,-0.48642
-0.757677,-0.475869
-0.761759,-0.465235
-0.765708,-0.454519
-0.76952,-0.443722
-0.773196,-0.432846
-0.776733,-0.421893
-0.780129,-0.410863
-0.783383,-0.399758
-0.786493,-0.38858
-0.789457,-0.37733
-0.792274,-0.36601
-0.794942,-0.35462
-0.797459,-0.343164
-0.799824,-0.331641
-0.802035,-0.320055
-0.80409,-0.308407
-0.805988,-0.296699
-0.807727,-0.284932
-0.809305,-0.273108
-0.810721,-0.26123
-0.811973,-0.249298
-0.813059,-0.237316
-0.813978,-0.225285
-0.814728,-0.213207
-0.815308,-0.201085
-0.815715,-0.18892
-0.815949,-0.176715
-0.816007,-0.164472
-0.815889,-0.152194
-0.815592,-0.139882
-0.815116,-0.127539
-0.814458,-0.115168
-0.813616,-0.102771
-0.812591,-0.0903503
-0.81138,-0.0779093
-0.809981,-0.0654503
-0.808394,-0.0529761
-0.806617,-0.0404894
-0.804648,-0.0279932
-0.802487,-0.0154902
-0.800131,-0.00298344
-0.797581,0.00952401
-0.794834,0.0220291
-0.791889,0.0345288
-0.788745,0.0470197
-0.785402,0.0594988
-0.781858,0.0719626
-0.778112,0.0844079
-0.774163,0.0968311
-0.77001,0.109229
-0.765652,0.121598
-0.76109,0.133934
-0.756321,0.146234
-0.751345,0.158493
-0.746162,0.170709
-0.74077,0.182878
-0.735171,0.194995
-0.729362,0.207057
-0.723345,0.219059
-0.717118,0.230998
-0.710681,0.242869
-0.704034,0.254669
-0.697178,0.266393
-0.690113,0.278036
-0.682837,0.289596
-0.675353,0.301066
-0.66766,0.312444
-0.659758,0.323724
-0.651649,0.334902
-0.643332,0.345973
-0.63481,0.356934
-0.626081,0.367779
-0.617149,0.378504
-0.608013,0.389105
-0.598675,0.399576
-0.589136,0.409913
-0.579398,0.420111
-0.569463,0.430167
-0.559332,0.440074
-0.549006,0.449829
-0.538489,0.459426
-0.527782,0.468862
-0.516888,0.478131
-0.505808,0.487229
-0.494546,0.496151
-0.483104,0.504892
-0.471485,0.513449
-0.459693,0.521816
-0.447729,0.529989
-0.435598,0.537964
-0.423302,0.545736
-0.410846,0.553301
-0.398233,0.560655
-0.385467,0.567793
-0.372552,0.574711
-0.359492,0.581406
-0.346291,0.587874
-0.332954,0.59411
-0.319485,0.600111
-0.30589,0.605873
-0.292171,0.611393
-0.278336,0.616668
-0.264388,0.621693
-0.250333,0.626467
-0.236176,0.630985
-0.221922,0.635246
-0.207578,0.639246
-0.193148,0.642983
-0.178638,0.646454
-0.164054,0.649657
-0.149402,0.65259
-0.134688,0.655252
-0.119918,0.65764
-0.105097,0.659753
-0.0902322,0.661589
-0.0753296,0.663147
-0.0603953,0.664426
-0.0454356,0.665426
-0.0304568,0.666146
-0.0154651,0.666584
-0.000466913,0.666742
0.0145315,0.666618
0.0295237,0.666214
0.0445036,0.665528
0.0594646,0.664562
0.0744007,0.663317
0.0893055,0.661792
0.104173,0.65999
0.118996,0.657912
0.13377,0.655558
0.148488,0.65293
0.163145,0.650031
0.177733,0.646862
0.192248,0.643425
0.206683,0.639722
0.221034,0.635756
0.235294,0.63153
0.249458,0.627045
0.26352,0.622306
0.277476,0.617315
0.291319,0.612074
0.305046,0.606588
0.318651,0.60086
0.33213,0.594893
0.345477,0.588691
0.358688,0.582258
0.371759,0.575597
0.384686,0.568712
0.397464,0.561608
0.41009,0.554288
0.422559,0.546757
0.434868,0.539019
0.447014,0.531078
0.458992,0.522938
0.4708,0.514605
0.482435,0.506081
0.493893,0.497373
0.505172,0.488484
0.516269,0.479419
0.527182,0.470183
0.537907,0.46078
0.548444,0.451215
0.558789,0.441493
0.56894,0.431618
0.578896,0.421594
0.588656,0.411428
0.598216,0.401122
0.607577,0.390682
0.616736,0.380113
0.625692,0.369418
0.634444,0.358603
0.642992,0.347673
0.651333,0.336631
0.659468,0.325482
0.667396,0.314231
0.675116,0.302883
0.682628,0.29144
0.689931,0.279909
0.697025,0.268293
0.70391,0.256596
0.710586,0.244824
0.717053,0.232979
0.72331,0.221066
0.729358,0.209089
0.735198,0.197052
0.740829,0.18496
0.746253,0.172816
0.751468,0.160623
0.756477,0.148387
0.761279,0.136109
0.765876,0.123795
0.770268,0.111448
0.774455,0.0990717
0.778439,0.086669
0.78222,0.0742438
0.7858,0.0617995
0.78918,0.0493393
0.792359,0.0368668
0.795341,0.0243849
0.798125,0.0118971
0.800712,-0.000593736
0.803105,-0.0130844
0.805304,-0.0255719
0.807311,-0.0380533
0.809127,-0.0505256
0.810752,-0.0629862
0.81219,-0.075432
0.81344,-0.0878606
0.814504,-0.100269
0.815385,-0.112655
0.816082,-0.125015
0.816598,-0.137348
0.816935,-0.149651
0.817093,-0.16192
0.817075,-0.174155
0.816881,-0.186353
0.816514,-0.198511
0.815975,-0.210627
0.815265,-0.222699
0.814386,-0.234725
0.813341,-0.246703
0.812129,-0.25863
0.810754,-0.270506
0.809217,-0.282327
0.807518,-0.294092
0.805661,-0.305799
0.803646,-0.317447
0.801476,-0.329033
0.799152,-0.340555
0.796675,-0.352013
0.794047,-0.363404
0.791271,-0.374727
0.788347,-0.385981
0.785277,-0.397162
0.782064,-0.408271
0.778708,-0.419306
0.775211,-0.430265
0.771575,-0.441147
0.767802,-0.45195
0.763893,-0.462673
0.75985,-0.473315
0.755675,-0.483875
0.751369,-0.494351
0.746933,-0.504742
0.742371,-0.515047
0.737682,-0.525264
0.73287,-0.535394
0.727935,-0.545433
0.722879,-0.555382
0.717703,-0.56524
0.71241,-0.575005
0.707001,-0.584676
0.701478,-0.594252
0.695842,-0.603733
0.690094,-0.613117
0.684237,-0.622404
0.678272,-0.631593
0.6722,-0.640682
0.666023,-0.649672
0.659743,-0.65856
0.653361,-0.667347
0.646879,-0.676032
0.640298,-0.684613
0.63362,-0.693091
0.626847,-0.701464
0.619979,-0.709731
0.613018,-0.717893
0.605967,-0.725948
0.598826,-0.733895
0.591597,-0.741735
0.584281,-0.749466
0.57688,-0.757088
0.569396,-0.7646
0.561829,-0.772002
0.554182,-0.779293
0.546456,-0.786473
0.538651,-0.79354
0.530771,-0.800496
0.522815,-0.807338
0.514786,-0.814067
0.506685,-0.820682
0.498514,-0.827182
0.490273,-0.833568
0.481965,-0.839839
0.47359,-0.845994
0.46515,-0.852033
0.456647,-0.857956
0.448081,-0.863761
0.439455,-0.86945
0.430769,-0.875021
0.422026,-0.880474
0.413225,-0.885809
0.40437,-0.891025
0.39546,-0.896123
0.386498,-0.901101
0.377484,-0.90596
0.368421,-0.910699
0.359309,-0.915318
0.350149,-0.919816
0.340944,-0.924194
0.331694,-0.928451
0.322401,-0.932587
0.313067,-0.936602
0.303691,-0.940495
0.294276,-0.944266
0.284823,-0.947916
0.275333,-0.951443
0.265808,-0.954848
0.256249,-0.95813
0.246657,-0.961289
0.237034,-0.964326
0.22738,-0.967239
0.217697,-0.970029
0.207986,-0.972696
0.19825,-0.975239
0.188487,-0.977659
0.178702,-0.979954
0.168893,-0.982126
0.159063,-0.984174
0.149213,-0.986097
0.139345,-0.987897
0.129458,-0.989572
0.119556,-0.991122
0.109638,-0.992548
0.0997068,-0.993849
0.089763,-0.995026
0.0798079,-0.996078
0.0698428,-0.997005
0.059869,-0.997808
0.0498877,-0.998485
0.0399001,-0.999038
0.0299076,-0.999465
0.0199113,-0.999768
0.00991249,-0.999946
-8.75263e-05,-0.999998
-0.0100875,-0.999926
-0.0200863,-0.999729
-0.0300825,-0.999406
-0.040075,-0.998959
-0.0500625,-0.998387
-0.0600437,-0.99769
-0.0700173,-0.996868
-0.0799822,-0.995921
-0.0899371,-0.994849
-0.0998807,-0.993653
-0.109812,-0.992331
-0.119729,-0.990885
-0.129631,-0.989315
-0.139517,-0.98762
-0.149386,-0.985801
-0.159235,-0.983857
-0.169064,-0.981789
-0.178872,-0.979597
-0.188658,-0.977281
-0.198419,-0.974841
-0.208156,-0.972278
-0.217865,-0.96959
-0.227547,-0.96678
-0.2372,-0.963845
-0.246823,-0.960788
-0.256414,-0.957608
-0.265972,-0.954305
-0.275496,-0.950879
-0.284985,-0.94733
-0.294437,-0.943659
-0.30385,-0.939867
-0.313225,-0.935952
-0.322558,-0.931915
-0.331849,-0.927758
-0.341098,-0.923478
-0.350301,-0.919078
-0.359458,-0.914557
-0.368568,-0.909916
-0.37763,-0.905155
-0.386641,-0.900273
-0.395601,-0.895272
-0.404508,-0.890151
-0.413361,-0.884912
-0.422159,-0.879554
-0.430899,-0.874077
-0.439582,-0.868482
-0.448205,-0.86277
-0.456767,-0.85694
-0.465267,-0.850994
-0.473703,-0.84493
-0.482074,-0.838751
-0.490378,-0.832455
-0.498614,-0.826045
-0.506781,-0.819519
-0.514877,-0.812879
-0.522901,-0.806125
-0.530851,-0.799257
-0.538726,-0.792276
-0.546525,-0.785183
-0.554245,-0.777977
-0.561886,-0.77066
-0.569446,-0.763232
-0.576924,-0.755693
-0.584317,-0.748044
-0.591626,-0.740286
-0.598847,-0.73242
-0.60598,-0.724445
-0.613023,-0.716363
-0.619974,-0.708173
-0.626833,-0.699878
-0.633597,-0.691477
-0.640266,-0.682972
-0.646836,-0.674362
-0.653308,-0.665649
-0.659679,-0.656834
-0.665947,-0.647917
-0.672112,-0.638898
-0.678172,-0.62978
-0.684124,-0.620562
-0.689968,-0.611246
-0.695702,-0.601832
-0.701325,-0.592322
-0.706834,-0.582716
-0.712228,-0.573015
-0.717505,-0.563221
-0.722664,-0.553333
-0.727704,-0.543354
-0.732622,-0.533285
-0.737417,-0.523125
-0.742087,-0.512878
-0.746631,-0.502543
-0.751047,-0.492121
-0.755333,-0.481615
-0.759488,-0.471025
-0.763509,-0.460352
-0.767397,-0.449599
-0.771147,-0.438765
-0.77476,-0.427853
-0.778233,-0.416864
-0.781565,-0.405799
-0.784754,-0.39466
-0.787798,-0.383448
-0.790695,-0.372164
-0.793444,-0.360811
-0.796044,-0.34939
-0.798492,-0.337903
-0.800787,-0.32635
-0.802928,-0.314735
-0.804912,-0.303058
-0.806737,-0.291322
-0.808403,-0.279528
-0.809907,-0.267678
-0.811249,-0.255774
-0.812425,-0.243818
-0.813435,-0.231812
-0.814277,-0.219759
-0.81495,-0.20766
-0.815451,-0.195517
-0.815779,-0.183332
-0.815933,-0.171108
-0.815911,-0.158848
-0.815711,-0.146553
-0.815332,-0.134225
-0.814773,-0.121868
-0.814031,-0.109484
-0.813106,-0.0970751
-0.811995,-0.084644
-0.810698,-0.0721934
-0.809213,-0.0597262
-0.807539,-0.0472449
-0.805674,-0.0347525
-0.803617,-0.0222518
-0.801367,-0.00974578
-0.798922,0.00276264
-0.796281,0.0152704
-0.793444,0.0277743
-0.790408,0.0402713
-0.787172,0.0527582
-0.783737,0.0652316
-0.7801,0.0776883
-0.77626,0.0901248
-0.772217,0.102538
-0.76797,0.114924
-0.763518,0.127279
-0.758861,0.139599
-0.753996,0.151882
-0.748925,0.164123
-0.743646,0.176319
-0.738159,0.188465
-0.732463,0.200558
-0.726557,0.212594
-0.720443,0.224568
-0.714119,0.236477
-0.707585,0.248317
-0.700842,0.260083
-0.693889,0.271771
-0.686726,0.283377
-0.679354,0.294897
-0.671773,0.306326
-0.663983,0.31766
-0.655985,0.328894
-0.64778,0.340025
-0.639368,0.351046
-0.63075,0.361955
-0.621927,0.372746
-0.612899,0.383415
-0.60367,0.393957
-0.594238,0.404367
-0.584607,0.414642
-0.574777,0.424775
-0.564751,0.434763
-0.554529,0.444601
-0.544114,0.454285
-0.533509,0.463808
-0.522714,0.473168
-0.511734,0.482359
-0.500569,0.491376
-0.489223,0.500216
-0.477698,0.508873
-0.465998,0.517343
-0.454125,0.525621
-0.442083,0.533704
-0.429875,0.541586
-0.417504,0.549263
-0.404975,0.556731
-0.39229,0.563986
-0.379454,0.571023
-0.366471,0.577839
-0.353345,0.584429
-0.34008,0.590791
-0.326681,0.596918
-0.313152,0.60281
-0.299499,0.60846
-0.285725,0.613867
-0.271837,0.619027
-0.257838,0.623936
-0.243735,0.628592
-0.229532,0.632992
-0.215235,0.637132
-0.20085,0.64101
-0.186382,0.644624
-0.171837,0.647972
-0.157221,0.65105
-0.142539,0.653858
-0.127798,0.656393
-0.113003,0.658653
-0.0981613,0.660638
-0.0832781,0.662346
-0.0683599,0.663775
-0.053413,0.664925
-0.0384436,0.665795
-0.023458,0.666384
-0.00846249,0.666693
0.00653659,0.66672
0.0215329,0.666466
0.0365201,0.665931
0.051492,0.665115
0.0664422,0.66402
0.0813644,0.662645
0.0962524,0.660992
0.1111,0.659061
0.125901,0.656855
0.14065,0.654374
0.15534,0.651621
0.169965,0.648596
0.18452,0.645303
0.198998,0.641742
0.213395,0.637917
0.227704,0.633831
0.24192,0.629485
0.256037,0.624882
0.27005,0.620025
0.283954,0.614919
0.297744,0.609564
0.311414,0.603966
0.324961,0.598127
0.338379,0.592051
0.351663,0.585742
0.36481,0.579203
0.377814,0.572438
0.390672,0.565451
0.40338,0.558247
0.415933,0.550829
0.428328,0.543202
0.440562,0.53537
0.45263,0.527337
0.464529,0.519107
0.476257,0.510686
0.48781,0.502077
0.499185,0.493285
0.51038,0.484315
0.521392,0.475171
0.532217,0.465858
0.542855,0.45638
0.553303,0.446742
0.563558,0.436949
0.573619,0.427005
0.583484,0.416916
0.593152,0.406685
0.60262,0.396317
0.611887,0.385818
0.620952,0.375191
0.629814,0.364441
0.638471,0.353573
0.646923,0.342591
0.655169,0.3315
0.663209,0.320305
0.67104,0.309009
0.678664,0.297617
0.686079,0.286134
0.693286,0.274564
0.700283,0.262911
0.707071,0.25118
0.71365,0.239374
0.72002,0.227498
0.726181,0.215556
0.732133,0.203552
0.737876,0.191491
0.743412,0.179375
0.748739,0.167209
0.753859,0.154996
0.758773,0.142741
0.76348,0.130448
0.767982,0.118119
0.772279,0.105759
0.776373,0.0933707
0.780264,0.0809582
0.783952,0.0685248
0.78744,0.0560737
0.790727,0.0436084
0.793815,0.0311322
0.796706,0.0186481
0.7994,0.00615951
0.801898,-0.00633063
0.804201,-0.0188192
0.806312,-0.0313033
0.808231,-0.04378
0.809959,-0.0562463
0.811498,-0.0686995
0.81285,-0.0811368
0.814014,-0.0935554
0.814994,-0.105953
0.815791,-0.118326
0.816405,-0.130674
0.816839,-0.142992
0.817094,-0.155279
0.817171,-0.167532
0.817072,-0.179749
0.816799,-0.191928
0.816353,-0.204066
0.815736,-0.216161
0.814949,-0.228212
0.813994,-0.240215
0.812873,-0.252169
0.811586,-0.264072
0.810137,-0.275922
0.808526,-0.287717
0.806755,-0.299455
0.804826,-0.311134
0.80274,-0.322753
0.800499,-0.334309
0.798105,-0.345802
0.79556,-0.357228
0.792864,-0.368588
0.790021,-0.379878
0.78703,-0.391098
0.783895,-0.402246
0.780617,-0.413321
0.777196,-0.42432
0.773636,-0.435243
0.769938,-0.446089
0.766103,-0.456855
0.762133,-0.467541
0.75803,-0.478145
0.753795,-0.488665
0.749431,-0.499102
0.744938,-0.509453
0.740318,-0.519718
0.735573,-0.529895
0.730705,-0.539983
0.725715,-0.54998
0.720605,-0.559887
0.715376,-0.569702
0.710031,-0.579424
0.70457,-0.589051
0.698995,-0.598584
0.693308,-0.60802
0.687511,-0.61736
0.681605,-0.626601
0.675592,-0.635744
0.669472,-0.644788
0.663249,-0.653731
0.656923,-0.662573
0.650495,-0.671313
0.643969,-0.67995
0.637344,-0.688484
0.630623,-0.696913
0.623806,-0.705238
0.616897,-0.713457
0.609895,-0.72157
0.602803,-0.729576
0.595623,-0.737474
0.588354,-0.745264
0.581,-0.752945
0.573562,-0.760517
0.56604,-0.767978
0.558437,-0.77533
0.550754,-0.78257
0.542993,-0.789698
0.535154,-0.796714
0.52724,-0.803618
0.519251,-0.810409
0.51119,-0.817086
0.503057,-0.823649
0.494854,-0.830097
0.486583,-0.83643
0.478245,-0.842648
0.469841,-0.84875
0.461372,-0.854736
0.452841,-0.860606
0.444248,-0.866358
0.435595,-0.871993
0.426883,-0.877511
0.418114,-0.88291
0.409289,-0.888191
0.400409,-0.893353
0.391475,-0.898396
0.38249,-0.90332
0.373454,-0.908125
0.364369,-0.912809
0.355235,-0.917373
0.346055,-0.921817
0.33683,-0.92614
0.327561,-0.930342
0.318249,-0.934423
0.308896,-0.938382
0.299503,-0.94222
0.29007,-0.945936
0.280601,-0.94953
0.271095,-0.953002
0.261555,-0.956351
0.251981,-0.959577
0.242375,-0.962681
0.232737,-0.965662
0.223071,-0.968519
0.213375,-0.971253
0.203653,-0.973864
0.193905,-0.976351
0.184132,-0.978714
0.174335,-0.980954
0.164517,-0.983069
0.154678,-0.985061
0.14482,-0.986928
0.134943,-0.988671
0.12505,-0.990289
0.11514,-0.991783
0.105216,-0.993153
0.0952792,-0.994398
0.0853302,-0.995518
0.0753705,-0.996513
0.0654014,-0.997384
0.055424,-0.99813
0.0454398,-0.998751
0.0354498,-0.999247
0.0254554,-0.999618
0.0154579,-0.999864
0.0054584,-0.999985
-0.00454178,-0.999981
-0.0145414,-0.999852
-0.0245392,-0.999598
-0.0345339,-0.999219
-0.0445243,-0.998715
-0.0545091,-0.998086
-0.0644871,-0.997332
-0.0744571,-0.996454
-0.0844177,-0.99545
-0.0943677,-0.994322
-0.104306,-0.993069
-0.114231,-0.991691
-0.124142,-0.990189
-0.134037,-0.988562
-0.143915,-0.986811
-0.153775,-0.984935
-0.163616,-0.982935
-0.173436,-0.980811
-0.183234,-0.978562
-0.193009,-0.97619
-0.202759,-0.973694
-0.212484,-0.971074
-0.222181,-0.968331
-0.231851,-0.965464
-0.24149,-0.962474
-0.251099,-0.959361
-0.260676,-0.956125
-0.270219,-0.952766
-0.279727,-0.949284
-0.289199,-0.94568
-0.298634,-0.941954
-0.308031,-0.938106
-0.317387,-0.934136
-0.326702,-0.930044
-0.335974,-0.925831
-0.345202,-0.921497
-0.354385,-0.917042
-0.363521,-0.912466
-0.37261,-0.90777
-0.381649,-0.902954
-0.390638,-0.898018
-0.399574,-0.892963
-0.408457,-0.887788
-0.417286,-0.882494
-0.426058,-0.877082
-0.434773,-0.871552
-0.443429,-0.865903
-0.452025,-0.860137
-0.460559,-0.854254
-0.469031,-0.848254
-0.477438,-0.842138
-0.485779,-0.835906
-0.494053,-0.829558
-0.502258,-0.823094
-0.510393,-0.816516
-0.518457,-0.809824
-0.526448,-0.803018
-0.534365,-0.796098
-0.542206,-0.789066
-0.54997,-0.781921
-0.557654,-0.774664
-0.565259,-0.767296
-0.572782,-0.759817
-0.580223,-0.752228
-0.587578,-0.74453
-0.594847,-0.736722
-0.602029,-0.728805
-0.609122,-0.720781
-0.616124,-0.71265
-0.623034,-0.704412
-0.62985,-0.696068
-0.636572,-0.687619
-0.643196,-0.679066
-0.649722,-0.670408
-0.656149,-0.661648
-0.662474,-0.652786
-0.668696,-0.643822
-0.674813,-0.634758
-0.680825,-0.625593
-0.686729,-0.61633
-0.692523,-0.606969
-0.698207,-0.597511
-0.703778,-0.587956
-0.709236,-0.578306
-0.714577,-0.568562
-0.719801,-0.558724
-0.724907,-0.548794
-0.729891,-0.538773
-0.734754,-0.528662
-0.739493,-0.518461
-0.744106,-0.508173
-0.748592,-0.497798
-0.752949,-0.487337
-0.757176,-0.476792
-0.761271,-0.466163
-0.765232,-0.455453
-0.769057,-0.444662
-0.772746,-0.433791
-0.776295,-0.422843
-0.779705,-0.411818
-0.782972,-0.400718
-0.786095,-0.389545
-0.789072,-0.378299
-0.791903,-0.366983
-0.794584,-0.355598
-0.797115,-0.344146
-0.799494,-0.332627
-0.801719,-0.321045
-0.803788,-0.3094
-0.8057,-0.297695
-0.807453,-0.285931
-0.809046,-0.274111
-0.810476,-0.262235
-0.811742,-0.250306
-0.812843,-0.238327
-0.813776,-0.226298
-0.814541,-0.214222
-0.815136,-0.202102
-0.815558,-0.189938
-0.815807,-0.177735
-0.81588,-0.165493
-0.815777,-0.153215
-0.815496,-0.140904
-0.815034,-0.128562
-0.814391,-0.116191
-0.813566,-0.103794
-0.812556,-0.091374
-0.81136,-0.0789326
-0.809977,-0.0664731
-0.808406,-0.0539981
-0.806644,-0.0415104
-0.804691,-0.0290129
-0.802546,-0.0165084
-0.800206,-0.00399994
-0.797671,0.00850951
-0.79494,0.0210169
-0.792012,0.033519
-0.788884,0.0460127
-0.785557,0.0584948
-0.782029,0.0709619
-0.778298,0.0834107
-0.774365,0.0958377
-0.770229,0.10824
-0.765887,0.120613
-0.761341,0.132953
-0.756588,0.145258
-0.751628,0.157523
-0.746461,0.169745
-0.741086,0.181919
-0.735502,0.194042
-0.72971,0.20611
-0.723708,0.218119
-0.717497,0.230064
-0.711076,0.241943
-0.704445,0.25375
-0.697605,0.265482
-0.690555,0.277133
-0.683295,0.288701
-0.675826,0.30018
-0.668148,0.311567
-0.660262,0.322856
-0.652168,0.334044
-0.643867,0.345125
-0.635359,0.356096
-0.626646,0.366952
-0.617728,0.377688
-0.608607,0.388299
-0.599283,0.398782
-0.589759,0.40913
-0.580035,0.419341
-0.570114,0.429408
-0.559996,0.439328
-0.549685,0.449096
-0.539181,0.458707
-0.528488,0.468156
-0.517606,0.477439
-0.50654,0.48655
-0.49529,0.495487
-0.483861,0.504243
-0.472254,0.512815
-0.460473,0.521197
-0.448521,0.529386
-0.436401,0.537376
-0.424117,0.545164
-0.411672,0.552745
-0.39907,0.560116
-0.386314,0.567271
-0.373409,0.574206
-0.360358,0.580919
-0.347167,0.587404
-0.333839,0.593657
-0.320379,0.599676
-0.306792,0.605457
-0.293082,0.610995
-0.279254,0.616288
-0.265313,0.621333
-0.251265,0.626125
-0.237115,0.630663
-0.222868,0.634942
-0.208529,0.638962
-0.194105,0.642718
-0.1796,0.646209
-0.165021,0.649432
-0.150373,0.652385
-0.135663,0.655067
-0.120896,0.657475
-0.106079,0.659608
-0.0912166,0.661464
-0.0763164,0.663043
-0.061384,0.664343
-0.0464258,0.665363
-0.0314481,0.666103
-0.016457,0.666562
-0.00145909,0.66674
0.0135395,0.666637
0.0285323,0.666253
0.0435132,0.665588
0.0584757,0.664643
0.0734136,0.663418
0.0883206,0.661914
0.103191,0.660132
0.118017,0.658073
0.132795,0.65574
0.147517,0.653132
0.162177,0.650253
0.17677,0.647104
0.19129,0.643686
0.205731,0.640003
0.220087,0.636057
0.234354,0.63185
0.248524,0.627384
0.262593,0.622664
0.276556,0.617691
0.290408,0.61247
0.304142,0.607002
0.317756,0.601292
0.331243,0.595343
0.344599,0.589159
0.35782,0.582743
0.370901,0.576099
0.383837,0.569232
0.396626,0.562144
0.409262,0.554841
0.421742,0.547326
0.434062,0.539604
0.446219,0.531678
0.458209,0.523554
0.470029,0.515236
0.481676,0.506728
0.493147,0.498034
0.504438,0.48916
0.515548,0.480109
0.526474,0.470887
0.537213,0.461497
0.547762,0.451946
0.558121,0.442236
0.568286,0.432374
0.578257,0.422363
0.58803,0.412208
0.597605,0.401914
0.60698,0.391485
0.616153,0.380927
0.625124,0.370244
0.633892,0.359439
0.642454,0.348519
0.650811,0.337487
0.658961,0.326348
0.666904,0.315106
0.67464,0.303767
0.682167,0.292333
0.689485,0.28081
0.696595,0.269202
0.703496,0.257514
0.710187,0.245748
0.71667,0.233911
0.722943,0.222005
0.729007,0.210035
0.734863,0.198004
0.74051,0.185918
0.745949,0.173779
0.751181,0.161592
0.756206,0.149361
0.761024,0.137089
0.765637,0.12478
0.770045,0.112437
0.774248,0.100064
0.778248,0.0876656
0.782045,0.075244
0.785641,0.0628029
0.789037,0.0503459
0.792232,0.0378761
0.79523,0.0253969
0.79803,0.0129113
0.800633,0.00042257
0.803042,-0.0120663
0.805257,-0.0245522
0.807279,-0.0370323
0.80911,-0.0495036
0.810752,-0.0619632
0.812205,-0.0744085
0.81347,-0.0868366
0.81455,-0.0992449
0.815446,-0.111631
0.816159,-0.123992
0.816691,-0.136325
0.817042,-0.148628
0.817216,-0.160899
0.817212,-0.173135
0.817034,-0.185334
0.816681,-0.197493
0.816157,-0.209611
0.815462,-0.221685
0.814598,-0.233713
0.813567,-0.245693
0.81237,-0.257624
0.811009,-0.269502
0.809486,-0.281326
0.807802,-0.293094
0.805959,-0.304805
0.803958,-0.316456
0.801802,-0.328045
0.799491,-0.339572
0.797028,-0.351034
0.794414,-0.362429
0.791651,-0.373756
0.78874,-0.385014
0.785684,-0.3962
0.782483,-0.407314
0.77914,-0.418354
0.775657,-0.429318
0.772034,-0.440205
0.768273,-0.451014
0.764377,-0.461742
0.760346,-0.47239
0.756183,-0.482956
0.75189,-0.493438
0.747466,-0.503835
0.742916,-0.514146
0.738239,-0.52437
0.733439,-0.534506
0.728515,-0.544552
0.723471,-0.554508
0.718307,-0.564372
0.713025,-0.574144
0.707627,-0.583823
0.702115,-0.593406
0.696489,-0.602895
0.690753,-0.612286
0.684906,-0.621581
0.678951,-0.630777
0.67289,-0.639875
0.666724,-0.648872
0.660454,-0.657769
0.654082,-0.666564
0.647609,-0.675257
0.641038,-0.683846
0.63437,-0.692332
0.627606,-0.700714
0.620747,-0.70899
0.613796,-0.71716
0.606754,-0.725224
0.599622,-0.733181
0.592402,-0.741029
0.585095,-0.74877
0.577702,-0.756401
0.570226,-0.763922
0.562668,-0.771333
0.555029,-0.778634
0.547311,-0.785823
0.539514,-0.7929
0.531641,-0.799865
0.523694,-0.806717
0.515672,-0.813456
0.507579,-0.820081
0.499415,-0.826591
0.491181,-0.832987
0.48288,-0.839268
0.474512,-0.845433
0.466079,-0.851483
0.457582,-0.857415
0.449023,-0.863231
0.440403,-0.86893
0.431723,-0.874512
0.422986,-0.879976
0.414191,-0.885321
0.405341,-0.890548
0.396437,-0.895656
0.38748,-0.900645
0.378472,-0.905515
0.369414,-0.910264
0.360307,-0.914894
0.351153,-0.919404
0.341952,-0.923793
0.332707,-0.928061
0.323419,-0.932208
0.314088,-0.936234
0.304717,-0.940138
0.295306,-0.94392
0.285857,-0.947581
0.276372,-0.951119
0.26685,-0.954535
0.257295,-0.957829
0.247706,-0.960999
0.238086,-0.964047
0.228435,-0.966972
0.218756,-0.969774
0.209048,-0.972452
0.199314,-0.975006
0.189555,-0.977437
0.179771,-0.979744
0.169965,-0.981928
0.160137,-0.983987
0.15029,-0.985922
0.140423,-0.987733
0.130538,-0.98942
0.120638,-0.990982
0.110722,-0.992419
0.100792,-0.993732
0.0908492,-0.994921
0.0808952,-0.995984
0.0709312,-0.996923
0.0609582,-0.997737
0.0509777,-0.998426
0.0409907,-0.998991
0.0309986,-0.99943
0.0210027,-0.999744
0.0110041,-0.999934
0.00100416,-0.999998
-0.00899592,-0.999938
-0.0189949,-0.999752
-0.0289915,-0.999441
-0.0389844,-0.999006
-0.0489725,-0.998445
-0.0589544,-0.99776
-0.068929,-0.996949
-0.0788949,-0.996014
-0.088851,-0.994954
-0.0987959,-0.993769
-0.108728,-0.99246
-0.118647,-0.991025
-0.128551,-0.989467
-0.138439,-0.987783
-0.148309,-0.985976
-0.158161,-0.984043
-0.167993,-0.981987
-0.177803,-0.979807
-0.187591,-0.977502
-0.197355,-0.975074
-0.207094,-0.972522
-0.216807,-0.969846
-0.226492,-0.967046
-0.236148,-0.964124
-0.245774,-0.961078
-0.255369,-0.957909
-0.264931,-0.954617
-0.274458,-0.951202
-0.283951,-0.947665
-0.293406,-0.944005
-0.302824,-0.940224
-0.312203,-0.93632
-0.321541,-0.932295
-0.330837,-0.928148
-0.340089,-0.92388
-0.349298,-0.91949
-0.35846,-0.914981
-0.367575,-0.91035
-0.376642,-0.905599
-0.385658,-0.900729
-0.394624,-0.895738
-0.403537,-0.890629
-0.412396,-0.8854
-0.421199,-0.880052
-0.429946,-0.874586
-0.438635,-0.869002
-0.447264,-0.8633
-0.455833,-0.85748
-0.464339,-0.851544
-0.472782,-0.845491
-0.481159,-0.839321
-0.48947,-0.833036
-0.497714,-0.826636
-0.505888,-0.82012
-0.513992,-0.81349
-0.522023,-0.806745
-0.529981,-0.799887
-0.537864,-0.792916
-0.54567,-0.785832
-0.553399,-0.778636
-0.561048,-0.771328
-0.568616,-0.76391
-0.576102,-0.75638
-0.583504,-0.748741
-0.590821,-0.740992
-0.598052,-0.733134
-0.605193,-0.725168
-0.612246,-0.717095
-0.619207,-0.708915
-0.626075,-0.700628
-0.632848,-0.692236
-0.639526,-0.683739
-0.646107,-0.675137
-0.652588,-0.666433
-0.658969,-0.657626
-0.665248,-0.648716
-0.671423,-0.639706
-0.677493,-0.630596
-0.683456,-0.621386
-0.689311,-0.612077
-0.695056,-0.602671
-0.700689,-0.593168
-0.706209,-0.583569
-0.711614,-0.573876
-0.716903,-0.564088
-0.722073,-0.554208
-0.727124,-0.544236
-0.732054,-0.534173
-0.736861,-0.52402
-0.741543,-0.513779
-0.746099,-0.50345
-0.750527,-0.493035
-0.754825,-0.482534
-0.758993,-0.47195
-0.763027,-0.461283
-0.766927,-0.450535
-0.77069,-0.439707
-0.774316,-0.4288
-0.777802,-0.417816
-0.781147,-0.406756
-0.784348,-0.395622
-0.787406,-0.384414
-0.790317,-0.373135
-0.79308,-0.361787
-0.795693,-0.35037
-0.798155,-0.338886
-0.800464,-0.327338
-0.802618,-0.315726
-0.804616,-0.304053
-0.806456,-0.292319
-0.808136,-0.280529
-0.809654,-0.268682
-0.81101,-0.25678
-0.812201,-0.244827
-0.813226,-0.232824
-0.814082,-0.220773
-0.81477,-0.208675
-0.815286,-0.196534
-0.815629,-0.184351
-0.815798,-0.172129
-0.815791,-0.159869
-0.815606,-0.147575
-0.815242,-0.135248
-0.814698,-0.122892
-0.813972,-0.110508
-0.813062,-0.0980988
-0.811967,-0.0856675
-0.810686,-0.0732165
-0.809217,-0.0607486
-0.807558,-0.0482665
-0.805709,-0.0357729
-0.803668,-0.0232709
-0.801433,-0.0107632
-0.799004,0.00174704
-0.796379,0.0142569
-0.793558,0.0267632
-0.790538,0.0392628
-0.787318,0.0517526
-0.783899,0.0642291
-0.780278,0.0766892
-0.776454,0.0891294
-0.772428,0.101546
-0.768197,0.113936
-0.763761,0.126296
-0.759119,0.138621
-0.754271,0.150909
-0.749216,0.163156
-0.743953,0.175357
-0.738481,0.187509
-0.732801,0.199608
-0.726912,0.21165
-0.720814,0.223631
-0.714506,0.235547
-0.707988,0.247394
-0.70126,0.259168
-0.694323,0.270864
-0.687176,0.282479
-0.679819,0.294007
-0.672254,0.305445
-0.664479,0.316788
-0.656497,0.328031
-0.648306,0.339171
-0.639909,0.350203
-0.631306,0.361122
-0.622498,0.371924
-0.613485,0.382603
-0.60427,0.393156
-0.594853,0.403578
-0.585236,0.413865
-0.575421,0.42401
-0.565408,0.434011
-0.5552,0.443862
-0.544799,0.453558
-0.534207,0.463095
-0.523426,0.472468
-0.512458,0.481673
-0.501306,0.490705
-0.489972,0.499559
-0.47846,0.508231
-0.466772,0.516716
-0.454911,0.52501
-0.442881,0.533108
-0.430684,0.541005
-0.418324,0.548699
-0.405805,0.556183
-0.393131,0.563455
-0.380305,0.570509
-0.367332,0.577342
-0.354216,0.58395
-0.34096,0.590328
-0.32757,0.596474
-0.31405,0.602383
-0.300405,0.608052
-0.286639,0.613478
-0.272758,0.618656
-0.258767,0.623584
-0.24467,0.628259
-0.230474,0.632678
-0.216184,0.636837
-0.201804,0.640735
-0.187342,0.644369
-0.172802,0.647736
-0.15819,0.650834
-0.143512,0.653662
-0.128775,0.656217
-0.113983,0.658498
-0.0991443,0.660503
-0.0842637,0.662231
-0.0693477,0.66368
-0.0544025,0.664851
-0.0394343,0.665741
-0.0244496,0.666351
-0.00945458,0.66668
0.00554444,0.666728
0.0205411,0.666494
0.0355291,0.66598
0.0505022,0.665185
0.065454,0.66411
0.0803782,0.662755
0.0952687,0.661123
0.110119,0.659212
0.124924,0.657026
0.139676,0.654566
0.15437,0.651832
0.169,0.648827
0.183559,0.645554
0.198043,0.642013
0.212445,0.638208
0.22676,0.63414
0.240982,0.629813
0.255106,0.62523
0.269127,0.620392
0.283038,0.615304
0.296836,0.609968
0.310515,0.604388
0.32407,0.598567
0.337496,0.592509
0.35079,0.586217
0.363946,0.579696
0.37696,0.572948
0.389828,0.565978
0.402546,0.558791
0.41511,0.55139
0.427516,0.543779
0.439761,0.535962
0.451841,0.527945
0.463752,0.519731
0.475492,0.511324
0.487057,0.50273
0.498445,0.493953
0.509652,0.484997
0.520677,0.475867
0.531516,0.466567
0.542167,0.457103
0.552628,0.447478
0.562897,0.437698
0.572972,0.427767
0.582851,0.41769
0.592533,0.407471
0.602015,0.397115
0.611297,0.386626
0.620376,0.37601
0.629253,0.365271
0.637925,0.354414
0.646393,0.343442
0.654654,0.332361
0.662708,0.321175
0.670555,0.309888
0.678194,0.298505
0.685625,0.287031
0.692847,0.275469
0.69986,0.263824
0.706664,0.252101
0.713259,0.240302
0.719644,0.228433
0.725821,0.216498
0.731789,0.204501
0.737548,0.192445
0.7431,0.180335
0.748443,0.168175
0.753579,0.155968
0.758509,0.143718
0.763232,0.131429
0.76775,0.119105
0.772064,0.106749
0.776173,0.0943653
0.78008,0.0819565
0.783785,0.0695265
0.787288,0.0570787
0.790591,0.0446163
0.793696,0.0321428
0.796602,0.0196612
0.799312,0.00717475
0.801826,-0.00531345
0.804145,-0.0178004
0.806272,-0.030283
0.808206,-0.0427584
