-2.1581e+00 2.3979e-01 2.3979e-01 2.3979e-01 2.3979e-01 2.3979e-01 2.3979e-01 2.3979e-01 2.3979e-01 2.3979e-01
2.3979e-01 -2.1581e+00 2.3979e-01 2.3979e-01 2.3979e-01 2.3979e-01 2.3979e-01 2.3979e-01 2.3979e-01 2.3979e-01
2.3979e-01 2.3979e-01 -2.1581e+00 2.3979e-01 2.3979e-01 2.3979e-01 2.3979e-01 2.3979e-01 2.3979e-01 2.3979e-01
2.3979e-01 2.3979e-01 2.3979e-01 -2.1581e+00 2.3979e-01 2.3979e-01 2.3979e-01 2.3979e-01 2.3979e-01 2.3979e-01
2.3979e-01 2.3979e-01 2.3979e-01 2.3979e-01 -2.1581e+00 2.3979e-01 2.3979e-01 2.3979e-01 2.3979e-01 2.3979e-01
2.3979e-01 2.3979e-01 2.3979e-01 2.3979e-01 2.3979e-01 -2.1581e+00 2.3979e-01 2.3979e-01 2.3979e-01 2.3979e-01
2.3979e-01 2.3979e-01 2.3979e-01 2.3979e-01 2.3979e-01 2.3979e-01 -2.1581e+00 2.3979e-01 2.3979e-01 2.3979e-01
2.3979e-01 2.3979e-01 2.3979e-01 2.3979e-01 2.3979e-01 2.3979e-01 2.3979e-01 -2.1581e+00 2.3979e-01 2.3979e-01
2.3979e-01 2.3979e-01 2.3979e-01 2.3979e-01 2.3979e-01 2.3979e-01 2.3979e-01 2.3979e-01 -2.1581e+00 2.3979e-01
2.3979e-01 2.3979e-01 2.3979e-01 2.3979e-01 2.3979e-01 2.3979e-01 2.3979e-01 2.3979e-01 2.3979e-01 -2.1581e+00
