 0.0110415
 0.0110446
 0.0110542
   0.01107
 0.0110923
 0.0111209
 0.0111558
 0.0111972
  0.011245
 0.0112992
 0.0113598
 0.0114269
 0.0115004
 0.0115805
 0.0116672
 0.0117604
 0.0118602
 0.0119667
 0.0120798
 0.0121997
 0.0123263
 0.0124598
 0.0126001
 0.0127473
 0.0129015
 0.0130627
  0.013231
 0.0134064
  0.013589
 0.0137789
 0.0139761
 0.0141807
 0.0143928
 0.0146124
 0.0148396
 0.0150745
 0.0153173
 0.0155678
 0.0158264
  0.016093
 0.0163677
 0.0166506
 0.0169419
 0.0172415
 0.0175497
 0.0178666
 0.0181921
 0.0185265
 0.0188699
 0.0192223
 0.0195839
 0.0199548
 0.0203351
 0.0207249
 0.0211245
 0.0215338
 0.0219531
 0.0223824
 0.0228219
 0.0232718
 0.0237322
 0.0242032
 0.0246849
 0.0251776
 0.0256814
 0.0261964
 0.0267228
 0.0272607
 0.0278104
 0.0283719
 0.0289455
 0.0295313
 0.0301295
 0.0307402
 0.0313637
 0.0320002
 0.0326497
 0.0333126
 0.0339889
 0.0346789
 0.0353828
 0.0361007
  0.036833
 0.0375797
 0.0383411
 0.0391174
 0.0399087
 0.0407154
 0.0415377
 0.0423757
 0.0432296
 0.0440998
 0.0449864
 0.0458896
 0.0468097
  0.047747
 0.0487016
 0.0496738
 0.0506639
 0.0516721
 0.0526986
 0.0537437
 0.0548076
 0.0558906
 0.0569931
 0.0581151
  0.059257
 0.0604191
 0.0616016
 0.0628049
 0.0640291
 0.0652745
 0.0665415
 0.0678303
 0.0691412
 0.0704745
 0.0718305
 0.0732094
 0.0746116
 0.0760374
 0.0774871
 0.0789609
 0.0804592
 0.0819823
 0.0835304
  0.085104
 0.0867033
 0.0883286
 0.0899803
 0.0916586
  0.093364
 0.0950967
  0.096857
 0.0986453
  0.100462
  0.102307
  0.104181
  0.106085
  0.108018
  0.109981
  0.111975
  0.113999
  0.116054
  0.118141
  0.120259
   0.12241
  0.124592
  0.126808
  0.129057
  0.131339
  0.133655
  0.136006
  0.138391
  0.140811
  0.143266
  0.145757
  0.148284
  0.150847
  0.153447
  0.156084
  0.158759
  0.161472
  0.164223
  0.167012
  0.169841
  0.172708
  0.175616
  0.178564
  0.181552
  0.184581
  0.187651
  0.190763
  0.193917
  0.197114
  0.200353
  0.203635
   0.20696
   0.21033
  0.213744
  0.217202
  0.220705
  0.224254
  0.227848
  0.231488
  0.235175
  0.238909
   0.24269
  0.246518
  0.250394
  0.254319
  0.258292
  0.262314
  0.266386
  0.270507
  0.274678
    0.2789
  0.283172
  0.287495
   0.29187
  0.296297
  0.300776
  0.305307
  0.309891
  0.314528
  0.319218
  0.323962
   0.32876
  0.333613
   0.33852
  0.343483
    0.3485
  0.353574
  0.358703
  0.363888
   0.36913
  0.374429
  0.379784
  0.385197
  0.390668
  0.396196
  0.401783
  0.407428
  0.413131
  0.418894
  0.424715
  0.430596
  0.436537
  0.442537
  0.448597
  0.454718
  0.460899
   0.46714
  0.473443
  0.479806
  0.486231
  0.492717
  0.499264
  0.505873
  0.512544
  0.519277
  0.526072
   0.53293
  0.539849
  0.546831
  0.553876
  0.560983
  0.568153
  0.575386
  0.582681
   0.59004
  0.597462
  0.604947
  0.612494
  0.620105
  0.627779
  0.635516
  0.643317
   0.65118
  0.659107
  0.667096
  0.675149
  0.683265
  0.691443
  0.699684
  0.707989
  0.716355
  0.724785
  0.733277
  0.741831
  0.750447
  0.759125
  0.767866
  0.776668
  0.785531
  0.794456
  0.803442
  0.812489
  0.821597
  0.830765
  0.839994
  0.849282
   0.85863
  0.868038
  0.877504
   0.88703
  0.896614
  0.906256
  0.915955
  0.925713
  0.935527
  0.945398
  0.955325
  0.965309
  0.975347
  0.985441
  0.995589
   1.00579
   1.01605
   1.02636
   1.03672
   1.04713
    1.0576
   1.06812
   1.07868
    1.0893
   1.09997
   1.11068
   1.12145
   1.13226
   1.14311
   1.15402
   1.16497
   1.17596
     1.187
   1.19809
   1.20921
   1.22038
   1.23159
   1.24284
   1.25413
   1.26546
   1.27683
   1.28823
   1.29968
   1.31115
   1.32267
   1.33421
   1.34579
   1.35741
   1.36905
   1.38073
   1.39243
   1.40417
   1.41593
   1.42772
   1.43953
   1.45138
   1.46324
   1.47513
   1.48704
   1.49897
   1.51092
   1.52289
   1.53488
   1.54688
    1.5589
   1.57093
   1.58298
   1.59504
   1.60712
    1.6192
   1.63129
   1.64339
    1.6555
   1.66761
   1.67973
   1.69185
   1.70397
   1.71609
   1.72821
   1.74033
   1.75245
   1.76457
   1.77668
   1.78878
   1.80087
   1.81296
   1.82503
    1.8371
   1.84915
   1.86118
    1.8732
   1.88521
   1.89719
   1.90916
   1.92111
   1.93303
   1.94493
   1.95681
   1.96866
   1.98048
   1.99227
   2.00403
   2.01576
   2.02746
   2.03913
   2.05076
   2.06235
    2.0739
   2.08541
   2.09689
   2.10832
    2.1197
   2.13104
   2.14234
   2.15358
   2.16478
   2.17592
   2.18702
   2.19806
   2.20904
   2.21997
   2.23084
   2.24165
    2.2524
   2.26309
   2.27372
   2.28428
   2.29478
    2.3052
   2.31556
   2.32585
   2.33607
   2.34622
   2.35629
   2.36629
   2.37621
   2.38605
   2.39581
   2.40549
   2.41509
   2.42461
   2.43404
   2.44339
   2.45265
   2.46182
   2.47091
    2.4799
    2.4888
    2.4976
   2.50631
   2.51493
   2.52345
   2.53187
   2.54019
   2.54842
   2.55654
   2.56455
   2.57247
   2.58028
   2.58798
   2.59558
   2.60307
   2.61044
   2.61771
   2.62487
   2.63192
   2.63885
   2.64567
   2.65237
   2.65895
   2.66542
   2.67177
   2.67801
   2.68412
   2.69011
   2.69598
   2.70172
   2.70735
   2.71285
   2.71822
   2.72347
   2.72859
   2.73358
   2.73845
   2.74319
    2.7478
   2.75227
   2.75662
   2.76084
   2.76492
   2.76887
   2.77269
   2.77637
   2.77992
   2.78334
   2.78662
   2.78976
   2.79277
   2.79564
   2.79837
   2.80096
   2.80342
   2.80574
   2.80792
   2.80996
   2.81186
   2.81362
   2.81524
   2.81672
   2.81806
   2.81927
   2.82032
   2.82124
   2.82202
   2.82266
   2.82315
   2.82351
   2.82372
   2.82379
   2.82372
   2.82351
   2.82315
   2.82266
   2.82202
   2.82124
   2.82032
   2.81927
   2.81806
   2.81672
   2.81524
   2.81362
   2.81186
   2.80996
   2.80792
   2.80574
   2.80342
   2.80096
   2.79837
   2.79564
   2.79277
   2.78976
   2.78662
   2.78334
   2.77992
   2.77637
   2.77269
   2.76887
   2.76492
   2.76084
   2.75662
   2.75227
    2.7478
   2.74319
   2.73845
   2.73358
   2.72859
   2.72347
   2.71822
   2.71285
   2.70735
   2.70172
   2.69598
   2.69011
   2.68412
   2.67801
   2.67177
   2.66542
   2.65895
   2.65237
   2.64567
   2.63885
   2.63192
   2.62487
   2.61771
   2.61044
   2.60307
   2.59558
   2.58798
   2.58028
   2.57247
   2.56455
   2.55654
   2.54842
   2.54019
   2.53187
   2.52345
   2.51493
   2.50631
    2.4976
    2.4888
    2.4799
   2.47091
   2.46182
   2.45265
   2.44339
   2.43404
   2.42461
   2.41509
   2.40549
   2.39581
   2.38605
   2.37621
   2.36629
   2.35629
   2.34622
   2.33607
   2.32585
   2.31556
    2.3052
   2.29478
   2.28428
   2.27372
   2.26309
    2.2524
   2.24165
   2.23084
   2.21997
   2.20904
   2.19806
   2.18702
   2.17592
   2.16478
   2.15358
   2.14234
   2.13104
    2.1197
   2.10832
   2.09689
   2.08541
    2.0739
   2.06235
   2.05076
   2.03913
   2.02746
   2.01576
   2.00403
   1.99227
   1.98048
   1.96866
   1.95681
   1.94493
   1.93303
   1.92111
   1.90916
   1.89719
   1.88521
    1.8732
   1.86118
   1.84915
    1.8371
   1.82503
   1.81296
   1.80087
   1.78878
   1.77668
   1.76457
   1.75245
   1.74033
   1.72821
   1.71609
   1.70397
   1.69185
   1.67973
   1.66761
    1.6555
   1.64339
   1.63129
    1.6192
   1.60712
   1.59504
   1.58298
   1.57093
    1.5589
   1.54688
   1.53488
   1.52289
   1.51092
   1.49897
   1.48704
   1.47513
   1.46324
   1.45138
   1.43953
   1.42772
   1.41593
   1.40417
   1.39243
   1.38073
   1.36905
   1.35741
   1.34579
   1.33421
   1.32267
   1.31115
   1.29968
   1.28823
   1.27683
   1.26546
   1.25413
   1.24284
   1.23159
   1.22038
   1.20921
   1.19809
     1.187
   1.17596
   1.16497
   1.15402
   1.14311
   1.13226
   1.12145
   1.11068
   1.09997
    1.0893
   1.07868
   1.06811
    1.0576
   1.04713
   1.03672
   1.02636
   1.01605
   1.00579
  0.995589
  0.985441
  0.975347
  0.965308
  0.955325
  0.945398
  0.935527
  0.925713
  0.915955
  0.906255
  0.896613
   0.88703
  0.877504
  0.868038
   0.85863
  0.849282
  0.839994
  0.830765
  0.821597
  0.812489
  0.803442
  0.794456
  0.785531
  0.776668
  0.767866
  0.759125
  0.750447
  0.741831
  0.733276
  0.724785
  0.716355
  0.707988
  0.699684
  0.691443
  0.683264
  0.675149
  0.667096
  0.659107
   0.65118
  0.643317
  0.635516
  0.627779
  0.620105
  0.612494
  0.604946
  0.597462
   0.59004
  0.582681
  0.575386
  0.568153
  0.560983
  0.553876
  0.546831
  0.539849
  0.532929
  0.526072
  0.519277
  0.512544
  0.505873
  0.499264
  0.492717
  0.486231
  0.479806
  0.473443
   0.46714
  0.460899
  0.454718
  0.448597
  0.442537
  0.436536
  0.430596
  0.424715
  0.418893
  0.413131
  0.407427
  0.401782
  0.396196
  0.390667
  0.385197
  0.379784
  0.374428
  0.369129
  0.363887
  0.358702
  0.353573
    0.3485
  0.343482
   0.33852
  0.333612
   0.32876
  0.323961
  0.319217
  0.314527
   0.30989
  0.305306
  0.300775
  0.296296
  0.291869
  0.287494
  0.283171
  0.278899
  0.274677
  0.270506
  0.266385
  0.262313
  0.258291
  0.254318
  0.250393
  0.246517
  0.242688
  0.238907
  0.235174
  0.231487
  0.227846
  0.224252
  0.220703
    0.2172
  0.213742
  0.210328
  0.206958
  0.203633
   0.20035
  0.197111
  0.193915
  0.190761
  0.187649
  0.184579
  0.181549
  0.178561
  0.175613
  0.172706
  0.169838
  0.167009
  0.164219
  0.161468
  0.158756
  0.156081
  0.153443
  0.150843
   0.14828
  0.145753
  0.143262
  0.140806
  0.138386
  0.136001
  0.133651
  0.131334
  0.129052
  0.126803
  0.124587
  0.122404
  0.120254
  0.118135
  0.116048
  0.113993
  0.111968
  0.109975
  0.108011
  0.106078
  0.104174
    0.1023
  0.100454
 0.0986374
 0.0968489
 0.0950883
 0.0933554
 0.0916498
 0.0899712
 0.0883192
 0.0866936
 0.0850941
 0.0835202
 0.0819717
 0.0804483
 0.0789497
 0.0774755
 0.0760255
 0.0745994
 0.0731968
 0.0718175
 0.0704611
 0.0691274
 0.0678161
 0.0665269
 0.0652595
 0.0640136
  0.062789
 0.0615853
 0.0604023
 0.0592397
 0.0580973
 0.0569747
 0.0558717
 0.0547882
 0.0537236
  0.052678
 0.0516509
 0.0506421
 0.0496514
 0.0486786
 0.0477233
 0.0467854
 0.0458645
 0.0449606
 0.0440733
 0.0432024
 0.0423476
 0.0415088
 0.0406858
 0.0398783
  0.039086
 0.0383089
 0.0375466
 0.0367989
 0.0360658
 0.0353468
  0.034642
 0.0339509
 0.0332736
 0.0326096
  0.031959
 0.0313214
 0.0306968
 0.0300848
 0.0294854
 0.0288984
 0.0283235
 0.0277607
 0.0272097
 0.0266704
 0.0261426
 0.0256261
 0.0251209
 0.0246267
 0.0241433
 0.0236708
 0.0232088
 0.0227572
  0.022316
 0.0218849
 0.0214638
 0.0210526
 0.0206512
 0.0202594
 0.0198771
 0.0195042
 0.0191405
  0.018786
 0.0184405
 0.0181039
  0.017776
 0.0174569
 0.0171463
 0.0168442
 0.0165504
 0.0162649
 0.0159876
 0.0157183
  0.015457
 0.0152036
 0.0149581
 0.0147202
 0.0144899
 0.0142672
  0.014052
 0.0138442
 0.0136437
 0.0134505
 0.0132644
 0.0130855
 0.0129136
 0.0127487
 0.0125908
 0.0124397
 0.0122955
  0.012158
 0.0120273
 0.0119032
 0.0117858
 0.0116749
 0.0115706
 0.0114728
 0.0113815
 0.0112967
 0.0112182
 0.0111461
 0.0110804
  0.011021
 0.0109679
 0.0109212
 0.0108806
 0.0108464
 0.0108184
 0.0107966
  0.010781
 0.0107717
0.00538431
