2.00504e-26
2.06617e-26
2.25317e-26
2.57707e-26
3.05695e-26
  3.721e-26
4.60817e-26
5.77034e-26
7.27526e-26
9.21037e-26
1.16877e-25
1.48501e-25
1.88793e-25
2.40058e-25
3.05217e-25
3.87971e-25
4.92995e-25
6.26204e-25
7.95063e-25
  1.009e-24
1.27991e-24
1.62279e-24
2.05655e-24
2.60499e-24
3.29809e-24
4.17358e-24
5.27892e-24
6.67376e-24
8.43306e-24
 1.0651e-23
1.34456e-23
1.69654e-23
 2.1396e-23
2.69707e-23
3.39813e-23
4.27934e-23
5.38645e-23
6.77667e-23
8.52156e-23
1.07105e-22
1.34552e-22
 1.6895e-22
2.12039e-22
2.65988e-22
  3.335e-22
4.17944e-22
5.23515e-22
6.55433e-22
8.20194e-22
1.02587e-21
 1.2825e-21
1.60254e-21
2.00148e-21
 2.4985e-21
3.11743e-21
3.88779e-21
4.84614e-21
6.03779e-21
7.51878e-21
9.35849e-21
1.16426e-20
1.44772e-20
1.79932e-20
 2.2352e-20
2.77533e-20
 3.4443e-20
4.27242e-20
5.29707e-20
6.56425e-20
8.13059e-20
1.00658e-19
1.24554e-19
1.54049e-19
1.90435e-19
2.35301e-19
2.90594e-19
3.58705e-19
4.42563e-19
 5.4576e-19
 6.7269e-19
8.28735e-19
1.02048e-18
1.25597e-18
1.54505e-18
1.89974e-18
2.33471e-18
2.86786e-18
3.52103e-18
4.32086e-18
5.29978e-18
6.49729e-18
7.96148e-18
9.75086e-18
1.19366e-17
 1.4605e-17
1.78613e-17
2.18328e-17
2.66744e-17
3.25736e-17
 3.9758e-17
4.85032e-17
5.91429e-17
7.20812e-17
8.78069e-17
1.06911e-16
1.30107e-16
1.58259e-16
1.92408e-16
 2.3381e-16
2.83982e-16
3.44751e-16
4.18318e-16
5.07334e-16
 6.1499e-16
7.45125e-16
9.02353e-16
1.09222e-15
1.32139e-15
1.59786e-15
1.93123e-15
2.33299e-15
2.81696e-15
3.39965e-15
4.10085e-15
4.94424e-15
5.95816e-15
7.17648e-15
8.63966e-15
1.03961e-14
1.25034e-14
1.50304e-14
1.80593e-14
 2.1688e-14
2.60328e-14
3.12328e-14
 3.7453e-14
4.48898e-14
5.37769e-14
6.43917e-14
7.70637e-14
 9.2184e-14
1.10217e-13
1.31712e-13
1.57322e-13
1.87819e-13
2.24118e-13
  2.673e-13
3.18644e-13
3.79665e-13
4.52147e-13
5.38202e-13
 6.4032e-13
7.61438e-13
9.05018e-13
1.07514e-12
1.27662e-12
 1.5151e-12
1.79724e-12
2.13088e-12
 2.5252e-12
2.99102e-12
3.54102e-12
4.19008e-12
4.95567e-12
5.85825e-12
 6.9218e-12
8.17439e-12
 9.6489e-12
1.13837e-11
1.34239e-11
1.58218e-11
1.86389e-11
2.19467e-11
2.58288e-11
3.03826e-11
3.57216e-11
 4.1978e-11
4.93057e-11
5.78841e-11
6.79213e-11
7.96595e-11
9.33802e-11
 1.0941e-10
1.28128e-10
1.49975e-10
1.75459e-10
2.05173e-10
2.39799e-10
2.80131e-10
3.27084e-10
3.81719e-10
4.45258e-10
5.19117e-10
6.04929e-10
7.04577e-10
8.20232e-10
  9.544e-10
1.10997e-09
1.29025e-09
1.49907e-09
1.74082e-09
2.02057e-09
 2.3441e-09
2.71809e-09
3.15019e-09
3.64918e-09
 4.2251e-09
 4.8895e-09
5.65557e-09
6.53843e-09
7.55535e-09
8.72612e-09
1.00733e-08
1.16227e-08
1.34038e-08
1.54501e-08
1.78001e-08
2.04973e-08
2.35915e-08
2.71393e-08
3.12051e-08
3.58623e-08
4.11941e-08
4.72952e-08
5.42729e-08
6.22491e-08
7.13622e-08
8.17687e-08
9.36464e-08
1.07196e-07
1.22646e-07
1.40252e-07
1.60306e-07
1.83137e-07
2.09115e-07
 2.3866e-07
2.72244e-07
  3.104e-07
3.53728e-07
4.02903e-07
4.58687e-07
5.21935e-07
 5.9361e-07
6.74791e-07
7.66694e-07
8.70681e-07
 9.8828e-07
 1.1212e-06
1.27138e-06
1.44095e-06
1.63232e-06
1.84819e-06
2.09157e-06
2.36582e-06
2.67471e-06
3.02241e-06
3.41362e-06
3.85355e-06
4.34802e-06
4.90349e-06
5.52717e-06
6.22708e-06
7.01214e-06
7.89223e-06
8.87837e-06
9.98277e-06
1.12189e-05
1.26019e-05
1.41484e-05
1.58767e-05
1.78072e-05
1.99626e-05
2.23677e-05
2.50501e-05
2.80402e-05
3.13716e-05
3.50813e-05
3.92102e-05
4.38032e-05
4.89099e-05
5.45847e-05
6.08876e-05
6.78845e-05
7.56478e-05
8.42568e-05
9.37989e-05
 0.00010437
0.000116074
0.000129026
0.000143352
 0.00015919
0.000176689
0.000196014
0.000217345
0.000240876
0.000266822
0.000295416
0.000326911
0.000361583
0.000399734
0.000441689
0.000487805
0.000538467
0.000594094
0.000655141
0.000722101
0.000795508
 0.00087594
0.000964023
 0.00106043
 0.00116591
 0.00128123
 0.00140726
 0.00154491
 0.00169519
 0.00185915
 0.00203795
 0.00223284
 0.00244514
 0.00267629
 0.00292783
 0.00320142
 0.00349882
 0.00382195
 0.00417283
 0.00455365
 0.00496674
 0.00541461
 0.00589992
 0.00642551
 0.00699444
 0.00760994
 0.00827546
  0.0089947
 0.00977157
  0.0106102
  0.0115151
  0.0124909
  0.0135427
  0.0146757
  0.0158955
  0.0172081
  0.0186198
  0.0201373
  0.0217675
   0.023518
  0.0253965
  0.0274114
  0.0295714
  0.0318857
  0.0343638
  0.0370161
  0.0398532
  0.0428863
  0.0461271
  0.0495881
  0.0532821
  0.0572227
   0.061424
  0.0659008
  0.0706686
  0.0757434
  0.0811421
  0.0868821
  0.0929817
  0.0994598
   0.106336
   0.113631
   0.121365
   0.129562
   0.138242
    0.14743
   0.157151
   0.167429
   0.178289
   0.189759
   0.201867
   0.214639
   0.228105
   0.242295
   0.257239
   0.272967
   0.289513
   0.306908
   0.325186
    0.34438
   0.364524
   0.385653
   0.407804
    0.43101
    0.45531
   0.480739
   0.507334
   0.535132
   0.564171
   0.594489
   0.626122
   0.659108
   0.693486
   0.729291
   0.766561
   0.805332
   0.845642
   0.887524
   0.931015
   0.976148
    1.02296
    1.07147
    1.12173
    1.17375
    1.22758
    1.28323
    1.34073
    1.40011
    1.46138
    1.52457
     1.5897
    1.65678
    1.72583
    1.79685
    1.86986
    1.94487
    2.02187
    2.10086
    2.18185
    2.26483
    2.34979
    2.43671
    2.52558
    2.61638
     2.7091
    2.80369
    2.90013
    2.99838
    3.09842
    3.20019
    3.30364
    3.40873
     3.5154
     3.6236
    3.73326
     3.8443
    3.95667
    4.07029
    4.18506
    4.30093
    4.41778
    4.53554
     4.6541
    4.77337
    4.89325
    5.01362
    5.13438
    5.25542
    5.37662
    5.49785
    5.61901
    5.73995
    5.86057
    5.98072
    6.10027
     6.2191
    6.33707
    6.45405
    6.56988
    6.68445
    6.79761
    6.90922
    7.01915
    7.12725
    7.23339
    7.33744
    7.43925
     7.5387
    7.63565
    7.72998
    7.82154
    7.91023
    7.99592
    8.07848
    8.15781
    8.23379
    8.30632
    8.37528
    8.44059
    8.50214
    8.55986
    8.61364
    8.66343
    8.70913
    8.75069
    8.78805
    8.82114
    8.84992
    8.87434
    8.89438
    8.90999
    8.92116
    8.92787
    8.93011
    8.92787
    8.92116
    8.90999
    8.89438
    8.87434
    8.84992
    8.82114
    8.78805
    8.75069
    8.70913
    8.66343
    8.61364
    8.55986
    8.50214
    8.44059
    8.37528
    8.30632
    8.23379
    8.15781
    8.07848
    7.99592
    7.91023
    7.82154
    7.72998
    7.63565
     7.5387
    7.43925
    7.33744
    7.23339
    7.12725
    7.01915
    6.90922
    6.79761
    6.68445
    6.56988
    6.45405
    6.33707
     6.2191
    6.10027
    5.98072
    5.86057
    5.73995
    5.61901
    5.49785
    5.37662
    5.25542
    5.13438
    5.01362
    4.89325
    4.77337
     4.6541
    4.53554
    4.41778
    4.30093
    4.18506
    4.07029
    3.95667
     3.8443
    3.73326
     3.6236
     3.5154
    3.40873
    3.30364
    3.20019
    3.09842
    2.99838
    2.90013
    2.80369
     2.7091
    2.61638
    2.52558
    2.43671
    2.34979
    2.26483
    2.18185
    2.10086
    2.02187
    1.94487
    1.86986
    1.79685
    1.72583
    1.65678
     1.5897
    1.52457
    1.46138
    1.40011
    1.34073
    1.28323
    1.22758
    1.17375
    1.12173
    1.07147
    1.02296
   0.976148
   0.931015
   0.887524
   0.845642
   0.805332
   0.766561
   0.729291
   0.693486
   0.659108
   0.626122
   0.594489
   0.564171
   0.535132
   0.507334
   0.480739
    0.45531
    0.43101
   0.407804
   0.385653
   0.364524
    0.34438
   0.325186
   0.306908
   0.289513
   0.272967
   0.257239
   0.242295
   0.228105
   0.214639
   0.201867
   0.189759
   0.178289
   0.167429
   0.157151
    0.14743
   0.138242
   0.129562
   0.121365
   0.113631
   0.106336
  0.0994598
  0.0929817
  0.0868821
  0.0811421
  0.0757434
  0.0706686
  0.0659008
   0.061424
  0.0572227
  0.0532821
  0.0495881
  0.0461271
  0.0428863
  0.0398532
  0.0370161
  0.0343638
  0.0318857
  0.0295714
  0.0274114
  0.0253965
   0.023518
  0.0217675
  0.0201373
  0.0186198
  0.0172081
  0.0158955
  0.0146757
  0.0135427
  0.0124909
  0.0115151
  0.0106102
 0.00977157
  0.0089947
 0.00827546
 0.00760994
 0.00699444
 0.00642551
 0.00589992
 0.00541461
 0.00496674
 0.00455365
 0.00417283
 0.00382195
 0.00349882
 0.00320142
 0.00292783
 0.00267629
 0.00244514
 0.00223284
 0.00203795
 0.00185915
 0.00169519
 0.00154491
 0.00140726
 0.00128123
 0.00116591
 0.00106043
0.000964023
 0.00087594
0.000795508
0.000722101
0.000655141
0.000594094
0.000538467
0.000487805
0.000441689
0.000399734
0.000361583
0.000326911
0.000295416
0.000266822
0.000240876
0.000217345
0.000196014
0.000176689
 0.00015919
0.000143352
0.000129026
0.000116074
 0.00010437
9.37989e-05
8.42568e-05
7.56478e-05
6.78845e-05
6.08876e-05
5.45847e-05
4.89099e-05
4.38032e-05
3.92102e-05
3.50813e-05
3.13716e-05
2.80402e-05
2.50501e-05
2.23677e-05
1.99626e-05
1.78072e-05
1.58767e-05
1.41484e-05
1.26019e-05
1.12189e-05
9.98277e-06
8.87837e-06
7.89223e-06
7.01214e-06
6.22708e-06
5.52717e-06
4.90349e-06
4.34802e-06
3.85355e-06
3.41362e-06
3.02241e-06
2.67471e-06
2.36582e-06
2.09157e-06
1.84819e-06
1.63232e-06
1.44095e-06
1.27138e-06
 1.1212e-06
 9.8828e-07
8.70681e-07
7.66694e-07
6.74791e-07
 5.9361e-07
5.21935e-07
4.58687e-07
4.02903e-07
3.53728e-07
  3.104e-07
2.72244e-07
 2.3866e-07
2.09115e-07
1.83137e-07
1.60306e-07
1.40252e-07
1.22646e-07
1.07196e-07
9.36464e-08
8.17687e-08
7.13622e-08
6.22491e-08
5.42729e-08
4.72952e-08
4.11941e-08
3.58623e-08
3.12051e-08
2.71393e-08
2.35915e-08
2.04973e-08
1.78001e-08
1.54501e-08
1.34038e-08
1.16227e-08
1.00733e-08
8.72612e-09
7.55535e-09
6.53843e-09
5.65557e-09
 4.8895e-09
 4.2251e-09
3.64918e-09
3.15019e-09
2.71809e-09
 2.3441e-09
2.02057e-09
1.74082e-09
1.49907e-09
1.29025e-09
1.10997e-09
  9.544e-10
8.20232e-10
7.04577e-10
6.04929e-10
5.19117e-10
4.45258e-10
3.81719e-10
3.27084e-10
2.80131e-10
2.39799e-10
2.05173e-10
1.75459e-10
1.49975e-10
1.28128e-10
 1.0941e-10
9.33802e-11
7.96595e-11
6.79213e-11
5.78841e-11
4.93057e-11
 4.1978e-11
3.57216e-11
3.03826e-11
2.58288e-11
2.19467e-11
1.86389e-11
1.58218e-11
1.34239e-11
1.13837e-11
 9.6489e-12
8.17439e-12
 6.9218e-12
5.85825e-12
4.95567e-12
4.19008e-12
3.54102e-12
2.99102e-12
 2.5252e-12
2.13088e-12
1.79724e-12
 1.5151e-12
1.27662e-12
1.07514e-12
9.05018e-13
7.61438e-13
 6.4032e-13
5.38202e-13
4.52147e-13
3.79665e-13
3.18644e-13
  2.673e-13
2.24118e-13
1.87819e-13
1.57322e-13
1.31712e-13
1.10217e-13
 9.2184e-14
7.70637e-14
6.43917e-14
5.37769e-14
4.48898e-14
 3.7453e-14
3.12328e-14
2.60328e-14
 2.1688e-14
1.80593e-14
1.50304e-14
1.25034e-14
1.03961e-14
8.63966e-15
7.17648e-15
5.95816e-15
4.94424e-15
4.10085e-15
3.39965e-15
2.81696e-15
2.33299e-15
1.93123e-15
1.59786e-15
1.32139e-15
1.09222e-15
9.02353e-16
7.45125e-16
 6.1499e-16
5.07334e-16
4.18318e-16
3.44751e-16
2.83982e-16
 2.3381e-16
1.92408e-16
1.58259e-16
1.30107e-16
1.06911e-16
8.78069e-17
7.20812e-17
5.91429e-17
4.85032e-17
 3.9758e-17
3.25736e-17
2.66744e-17
2.18328e-17
1.78613e-17
 1.4605e-17
1.19366e-17
9.75086e-18
7.96148e-18
6.49729e-18
5.29978e-18
4.32086e-18
3.52103e-18
2.86786e-18
2.33471e-18
1.89974e-18
1.54505e-18
1.25597e-18
1.02048e-18
8.28735e-19
 6.7269e-19
 5.4576e-19
4.42563e-19
3.58705e-19
2.90594e-19
2.35301e-19
1.90435e-19
1.54049e-19
1.24554e-19
1.00658e-19
8.13059e-20
6.56425e-20
5.29707e-20
4.27242e-20
 3.4443e-20
2.77533e-20
 2.2352e-20
1.79932e-20
1.44772e-20
1.16426e-20
9.35849e-21
7.51878e-21
6.03779e-21
4.84614e-21
3.88779e-21
3.11743e-21
 2.4985e-21
2.00148e-21
1.60254e-21
 1.2825e-21
1.02587e-21
8.20194e-22
6.55433e-22
5.23515e-22
4.17944e-22
  3.335e-22
2.65988e-22
2.12039e-22
 1.6895e-22
1.34552e-22
1.07105e-22
8.52156e-23
6.77667e-23
5.38645e-23
4.27934e-23
3.39813e-23
2.69707e-23
 2.1396e-23
1.69653e-23
1.34456e-23
 1.0651e-23
8.43306e-24
6.67376e-24
5.27892e-24
4.17357e-24
3.29808e-24
2.60497e-24
2.05653e-24
1.62277e-24
1.27989e-24
1.00897e-24
 7.9502e-25
6.26148e-25
4.92923e-25
3.87878e-25
3.05098e-25
2.39904e-25
1.88595e-25
1.48246e-25
 1.1655e-25
9.16833e-26
7.22128e-26
5.70106e-26
 4.5193e-26
3.60707e-26
2.91095e-26
2.39008e-26
2.01378e-26
1.75985e-26
1.61326e-26
7.82673e-27
