0.963542
0.963543
0.963545
0.963549
0.963554
0.963561
0.963569
0.963579
 0.96359
0.963603
0.963618
0.963634
0.963651
 0.96367
 0.96369
0.963712
0.963736
0.963761
0.963787
0.963815
0.963845
0.963876
0.963908
0.963942
0.963978
0.964015
0.964053
0.964093
0.964135
0.964178
0.964222
0.964268
0.964316
0.964365
0.964415
0.964467
 0.96452
0.964575
0.964632
0.964689
0.964749
0.964809
0.964872
0.964935
0.965001
0.965067
0.965135
0.965205
0.965276
0.965348
0.965422
0.965497
0.965574
0.965652
0.965732
0.965813
0.965895
0.965979
0.966065
0.966151
0.966239
0.966329
 0.96642
0.966512
0.966606
0.966701
0.966798
0.966896
0.966995
0.967096
0.967198
0.967301
0.967406
0.967512
 0.96762
0.967728
0.967839
 0.96795
0.968063
0.968177
0.968293
 0.96841
0.968528
0.968648
0.968769
0.968891
0.969014
0.969139
0.969265
0.969392
0.969521
0.969651
0.969782
0.969915
0.970048
0.970183
 0.97032
0.970457
0.970596
0.970736
0.970877
0.971019
0.971163
0.971308
0.971454
0.971601
 0.97175
0.971899
 0.97205
0.972202
0.972355
 0.97251
0.972665
0.972822
 0.97298
0.973138
0.973299
 0.97346
0.973622
0.973786
 0.97395
0.974116
0.974282
 0.97445
0.974619
0.974789
 0.97496
0.975132
0.975306
 0.97548
0.975655
0.975831
0.976009
0.976187
0.976367
0.976547
0.976728
0.976911
0.977094
0.977278
0.977464
 0.97765
0.977837
0.978025
0.978214
0.978404
0.978595
0.978787
 0.97898
0.979174
0.979368
0.979564
 0.97976
0.979957
0.980156
0.980354
0.980554
0.980755
0.980956
0.981159
0.981362
0.981566
 0.98177
0.981976
0.982182
0.982389
0.982597
0.982806
0.983015
0.983225
0.983436
0.983647
 0.98386
0.984073
0.984286
0.984501
0.984716
0.984931
0.985148
0.985365
0.985582
0.985801
 0.98602
0.986239
0.986459
 0.98668
0.986902
0.987124
0.987346
0.987569
0.987793
0.988017
0.988242
0.988467
0.988693
0.988919
0.989146
0.989373
0.989601
 0.98983
0.990058
0.990288
0.990517
0.990747
0.990978
0.991209
 0.99144
0.991672
0.991904
0.992137
 0.99237
0.992603
0.992837
0.993071
0.993306
 0.99354
0.993775
0.994011
0.994246
0.994482
0.994719
0.994955
0.995192
0.995429
0.995666
0.995904
0.996142
0.996379
0.996618
0.996856
0.997095
0.997333
0.997572
0.997811
0.998051
 0.99829
 0.99853
0.998769
0.999009
0.999249
0.999489
0.999729
0.999969
 1.00021
 1.00045
 1.00069
 1.00093
 1.00117
 1.00141
 1.00165
 1.00189
 1.00213
 1.00237
 1.00261
 1.00285
 1.00309
 1.00333
 1.00357
 1.00381
 1.00405
 1.00429
 1.00453
 1.00477
 1.00501
 1.00525
 1.00549
 1.00573
 1.00597
 1.00621
 1.00645
 1.00668
 1.00692
 1.00716
  1.0074
 1.00764
 1.00787
 1.00811
 1.00835
 1.00858
 1.00882
 1.00905
 1.00929
 1.00953
 1.00976
    1.01
 1.01023
 1.01046
  1.0107
 1.01093
 1.01116
  1.0114
 1.01163
 1.01186
 1.01209
 1.01232
 1.01255
 1.01278
 1.01301
 1.01324
 1.01347
  1.0137
 1.01393
 1.01415
 1.01438
 1.01461
 1.01483
 1.01506
 1.01528
 1.01551
 1.01573
 1.01595
 1.01617
  1.0164
 1.01662
 1.01684
 1.01706
 1.01728
  1.0175
 1.01771
 1.01793
 1.01815
 1.01836
 1.01858
  1.0188
 1.01901
 1.01922
 1.01944
 1.01965
 1.01986
 1.02007
 1.02028
 1.02049
  1.0207
  1.0209
 1.02111
 1.02132
 1.02152
 1.02173
 1.02193
 1.02213
 1.02234
 1.02254
 1.02274
 1.02294
 1.02314
 1.02333
 1.02353
 1.02373
 1.02392
 1.02412
 1.02431
  1.0245
 1.02469
 1.02488
 1.02507
 1.02526
 1.02545
 1.02564
 1.02582
 1.02601
 1.02619
 1.02638
 1.02656
 1.02674
 1.02692
  1.0271
 1.02728
 1.02745
 1.02763
  1.0278
 1.02798
 1.02815
 1.02832
 1.02849
 1.02866
 1.02883
   1.029
 1.02916
 1.02933
 1.02949
 1.02966
 1.02982
 1.02998
 1.03014
  1.0303
 1.03046
 1.03061
 1.03077
 1.03092
 1.03107
 1.03122
 1.03137
 1.03152
 1.03167
 1.03182
 1.03196
 1.03211
 1.03225
 1.03239
 1.03253
 1.03267
 1.03281
 1.03295
 1.03308
 1.03322
 1.03335
 1.03348
 1.03361
 1.03374
 1.03387
   1.034
 1.03412
 1.03425
 1.03437
 1.03449
 1.03461
 1.03473
 1.03485
 1.03497
 1.03508
 1.03519
 1.03531
 1.03542
 1.03553
 1.03564
 1.03574
 1.03585
 1.03595
 1.03605
 1.03616
 1.03626
 1.03635
 1.03645
 1.03655
 1.03664
 1.03673
 1.03683
 1.03692
   1.037
 1.03709
 1.03718
 1.03726
 1.03735
 1.03743
 1.03751
 1.03759
 1.03766
 1.03774
 1.03781
 1.03789
 1.03796
 1.03803
  1.0381
 1.03816
 1.03823
 1.03829
 1.03836
 1.03842
 1.03848
 1.03854
 1.03859
 1.03865
  1.0387
 1.03875
  1.0388
 1.03885
  1.0389
 1.03895
 1.03899
 1.03904
 1.03908
 1.03912
 1.03916
  1.0392
 1.03923
 1.03927
  1.0393
 1.03933
 1.03936
 1.03939
 1.03941
 1.03944
 1.03946
 1.03949
 1.03951
 1.03953
 1.03954
 1.03956
 1.03957
 1.03959
  1.0396
  1.0396
 1.03961
  1.0398
 1.03893
 1.04142
 1.03619
 1.04502
 1.03267
 1.04722
 1.03266
 1.04501
 1.03617
 1.04139
  1.0389
 1.03977
 1.03957
 1.03955
 1.03955
 1.03953
 1.03951
 1.03949
 1.03947
 1.03944
 1.03942
 1.03939
 1.03936
 1.03933
  1.0393
 1.03927
 1.03924
  1.0392
 1.03916
 1.03912
 1.03908
 1.03904
   1.039
 1.03895
 1.03891
 1.03886
 1.03881
 1.03876
 1.03871
 1.03865
  1.0386
 1.03854
 1.03848
 1.03842
 1.03836
  1.0383
 1.03824
 1.03817
  1.0381
 1.03804
 1.03797
 1.03789
 1.03782
 1.03775
 1.03767
 1.03759
 1.03751
 1.03743
 1.03735
 1.03727
 1.03718
  1.0371
 1.03701
 1.03692
 1.03683
 1.03674
 1.03665
 1.03655
 1.03646
 1.03636
 1.03626
 1.03616
 1.03606
 1.03596
 1.03585
 1.03575
 1.03564
 1.03553
 1.03542
 1.03531
  1.0352
 1.03508
 1.03497
 1.03485
 1.03473
 1.03461
 1.03449
 1.03437
 1.03425
 1.03412
 1.03399
 1.03387
 1.03374
 1.03361
 1.03348
 1.03335
 1.03321
 1.03308
 1.03294
  1.0328
 1.03266
 1.03252
 1.03238
 1.03224
 1.03209
 1.03195
  1.0318
 1.03166
 1.03151
 1.03136
  1.0312
 1.03105
  1.0309
 1.03074
 1.03059
 1.03043
 1.03027
 1.03011
 1.02995
 1.02979
 1.02963
 1.02946
  1.0293
 1.02913
 1.02896
 1.02879
 1.02862
 1.02845
 1.02828
 1.02811
 1.02793
 1.02776
 1.02758
  1.0274
 1.02723
 1.02705
 1.02686
 1.02668
  1.0265
 1.02632
 1.02613
 1.02595
 1.02576
 1.02557
 1.02538
 1.02519
   1.025
 1.02481
 1.02462
 1.02442
 1.02423
 1.02403
 1.02384
 1.02364
 1.02344
 1.02324
 1.02304
 1.02284
 1.02264
 1.02244
 1.02224
 1.02203
 1.02183
 1.02162
 1.02141
  1.0212
   1.021
 1.02079
 1.02058
 1.02037
 1.02015
 1.01994
 1.01973
 1.01951
  1.0193
 1.01908
 1.01887
 1.01865
 1.01843
 1.01822
   1.018
 1.01778
 1.01756
 1.01733
 1.01711
 1.01689
 1.01667
 1.01644
 1.01622
 1.01599
 1.01577
 1.01554
 1.01532
 1.01509
 1.01486
 1.01463
  1.0144
 1.01417
 1.01394
 1.01371
 1.01348
 1.01325
 1.01302
 1.01278
 1.01255
 1.01232
 1.01208
 1.01185
 1.01161
 1.01138
 1.01114
 1.01091
 1.01067
 1.01043
 1.01019
 1.00996
 1.00972
 1.00948
 1.00924
   1.009
 1.00876
 1.00852
 1.00828
 1.00804
  1.0078
 1.00756
 1.00732
 1.00707
 1.00683
 1.00659
 1.00635
  1.0061
 1.00586
 1.00562
 1.00538
 1.00513
 1.00489
 1.00464
  1.0044
 1.00415
 1.00391
 1.00367
 1.00342
 1.00318
 1.00293
 1.00269
 1.00244
  1.0022
 1.00195
  1.0017
 1.00146
 1.00121
 1.00097
 1.00072
 1.00048
 1.00023
0.999986
 0.99974
0.999495
0.999249
0.999004
0.998759
0.998513
0.998268
0.998023
0.997778
0.997533
0.997288
0.997043
0.996799
0.996554
 0.99631
0.996066
0.995822
0.995578
0.995334
0.995091
0.994847
0.994604
0.994362
0.994119
0.993877
0.993635
0.993393
0.993152
 0.99291
0.992669
0.992429
0.992188
0.991949
0.991709
 0.99147
0.991231
0.990992
0.990754
0.990516
0.990278
0.990041
0.989805
0.989568
0.989333
0.989097
0.988862
0.988628
0.988394
 0.98816
0.987927
0.987694
0.987462
0.987231
   0.987
0.986769
0.986539
 0.98631
0.986081
0.985852
0.985625
0.985397
0.985171
0.984945
0.984719
0.984494
 0.98427
0.984047
0.983824
0.983602
 0.98338
0.983159
0.982939
0.982719
  0.9825
0.982282
0.982065
0.981848
0.981632
0.981417
0.981202
0.980988
0.980775
0.980563
0.980352
0.980141
0.979931
0.979722
0.979514
0.979306
  0.9791
0.978894
0.978689
0.978485
0.978282
0.978079
0.977878
0.977677
0.977477
0.977279
0.977081
0.976884
0.976688
0.976492
0.976298
0.976105
0.975913
0.975721
0.975531
0.975342
0.975153
0.974966
0.974779
0.974594
 0.97441
0.974226
0.974044
0.973862
0.973682
0.973503
0.973325
0.973148
0.972972
0.972797
0.972623
 0.97245
0.972278
0.972108
0.971938
 0.97177
0.971603
0.971436
0.971271
0.971108
0.970945
0.970783
0.970623
0.970464
0.970306
0.970149
0.969993
0.969839
0.969686
0.969534
0.969383
0.969233
0.969085
0.968938
0.968792
0.968647
0.968504
0.968361
 0.96822
0.968081
0.967942
0.967805
0.967669
0.967535
0.967402
 0.96727
0.967139
 0.96701
0.966882
0.966755
0.966629
0.966505
0.966383
0.966261
0.966141
0.966022
0.965905
0.965789
0.965674
0.965561
0.965449
0.965338
0.965229
0.965121
0.965015
 0.96491
0.964806
0.964704
0.964603
0.964504
0.964406
0.964309
0.964214
 0.96412
0.964028
0.963937
0.963847
0.963759
0.963673
0.963587
0.963504
0.963421
0.963341
0.963261
0.963183
0.963107
0.963032
0.962958
0.962886
0.962816
0.962747
0.962679
0.962613
0.962548
0.962485
0.962423
0.962363
0.962304
0.962247
0.962191
0.962137
0.962085
0.962033
0.961984
0.961935
0.961889
0.961844
  0.9618
0.961758
0.961717
0.961678
0.961641
0.961605
 0.96157
0.961537
0.961506
0.961476
0.961447
 0.96142
0.961395
0.961371
0.961349
0.961328
0.961309
0.961291
0.961275
 0.96126
0.961247
0.961236
0.961226
0.961217
 0.96121
0.961205
0.961201
0.961199
0.480599
