1.49183e-27
2.85455e-25
1.5371e-24
5.77002e-24
32.0001
2.68536e-25
4.78932e-24
1.91832e-23
32
1.45764e-26
6.78224e-24
3.45218e-23
31.9997
1.18032e-24
7.2909e-24
4.9856e-23
31.9991
5.75874e-24
6.30341e-24
6.40795e-23
31.9987
1.5404e-23
4.41801e-24
7.54343e-23
31.9985
3.2116e-23
2.1098e-24
8.35165e-23
31.9985
5.91095e-23
3.20208e-25
8.74559e-23
31.9986
9.95937e-23
4.1319e-25
8.62804e-23
31.9985
1.57757e-22
4.50438e-24
7.79226e-23
31.9985
2.40253e-22
1.61319e-23
6.4055e-23
31.9987
3.59969e-22
4.15596e-23
4.34002e-23
31.9991
5.32779e-22
9.26726e-23
1.8505e-23
31.9997
8.00111e-22
1.98075e-22
4.45311e-25
32
1.25889e-21
4.4077e-22
3.96111e-23
32.0001
2.39758e-21
1.44058e-21
1.2183e-21
1.19362e-21
1.30458e-21
1.62342e-21
2.88835e-21
32.0001
5.41912e-23
6.42211e-22
1.96175e-21
32
6.41617e-25
3.71565e-22
1.59946e-21
31.9997
4.29858e-23
2.25418e-22
1.38456e-21
31.9991
1.28398e-22
1.32075e-22
1.22348e-21
31.9987
2.48973e-22
6.78563e-23
1.07923e-21
31.9985
4.08709e-22
2.52973e-23
9.47099e-22
31.9985
6.06147e-22
2.91548e-24
8.2203e-22
31.9986
8.53839e-22
3.19104e-24
6.87085e-22
31.9985
1.17255e-21
3.21842e-23
5.47485e-22
31.9985
1.57478e-21
1.02355e-22
3.97818e-22
31.9987
2.10322e-21
2.36934e-22
2.4189e-22
31.9991
2.83559e-21
4.81812e-22
9.46227e-23
31.9997
3.90112e-21
9.40181e-22
1.87691e-24
32
5.67164e-21
1.95321e-21
1.71687e-22
32.0001
1.00687e-20
5.92499e-21
4.95762e-21
