0.805339
0.805339
0.805339
0.805339
31.5076
0.805339
0.805339
0.805339
29.6447
0.805339
0.805339
0.805339
27.2882
0.805339
0.805339
0.805339
24.5287
0.805339
0.805339
0.805339
21.4726
0.805339
0.805339
0.805339
18.2373
0.805339
0.805339
0.805339
14.947
0.805339
0.805339
0.805339
11.7283
0.805339
0.805339
0.805339
8.70445
0.805339
0.805339
0.805339
5.99197
0.805339
0.805339
0.805339
3.69505
0.805339
0.805339
0.805339
1.90192
0.805339
0.805339
0.805339
0.681459
0.805339
0.805339
0.805339
0.0805741
0.805339
0.805339
0.805339
0.122398
0.805339
0.805339
0.805339
0.805339
0.805339
0.805339
0.805339
0.122398
0.805339
0.805339
0.805339
0.0805741
0.805339
0.805339
0.805339
0.681459
0.805339
0.805339
0.805339
1.90192
0.805339
0.805339
0.805339
3.69505
0.805339
0.805339
0.805339
5.99197
0.805339
0.805339
0.805339
8.70445
0.805339
0.805339
0.805339
11.7283
0.805339
0.805339
0.805339
14.947
0.805339
0.805339
0.805339
18.2373
0.805339
0.805339
0.805339
21.4726
0.805339
0.805339
0.805339
24.5287
0.805339
0.805339
0.805339
27.2882
0.805339
0.805339
0.805339
29.6447
0.805339
0.805339
0.805339
31.5076
0.805339
0.805339
0.805339
