0,0
0.003141592653589793,0.003141587475526064
0.006283185307179587,0.006283143882746567
0.009424777960769379,0.009424638153663189
0.01256637061435917,0.0125660392208921
0.01570796326794897,0.01570731601797121
0.01884955592153876,0.01884843747966736
0.02199114857512855,0.02198937254228356
0.02513274122871834,0.02513009014396621
0.02827433388230813,0.02827055922501225
0.03141592653589793,0.03141074872817632
0.03455751918948772,0.03455062759897792
0.03769911184307751,0.0376901647860085
0.0408407044966673,0.04082932924123855
0.0439822971502571,0.04396808992032465
0.04712388980384689,0.04710641578291645
0.05026548245743668,0.05024427579296366
0.05340707511102647,0.05338163891902301
0.05654866776461626,0.05651847413456505
0.05969026041820606,0.05965475041828106
0.06283185307179585,0.06279043675438978
0.06597344572538565,0.06592550213294418
0.06911503837897544,0.0690599155501381
0.07225663103256523,0.07219364600861286
0.07539822368615502,0.07532666251776381
0.07853981633974481,0.07845893409404679
0.08168140899333461,0.08159042976128458
0.0848230016469244,0.0847211185509732
0.08796459430051419,0.08785096950258814
0.09110618695410398,0.09097995166389064
0.09424777960769377,0.09410803409123368
0.09738937226128357,0.09723518584986804
0.1005309649148734,0.1003613760142482
0.1036725575684632,0.1034865736683384
0.1068141502220529,0.1066107479059177
0.1099557428756427,0.1097338678308867
0.1130973355292325,0.1128559025575721
0.1162389281828223,0.1159768212110325
0.1193805208364121,0.119096592927364
0.1225221134900019,0.1222151868540049
0.1256637061435917,0.1253325721500414
0.1288052987971815,0.1284487179865121
0.1319468914507713,0.131563593546713
0.1350884841043611,0.1346771680265025
0.1382300767579509,0.1377894106346057
0.1413716694115407,0.1409002905929192
0.1445132620651305,0.1440097771368153
0.1476548547187203,0.1471178395154462
0.15079644737231,0.1502244469920484
0.1539380400258998,0.1533295688442462
0.1570796326794896,0.1564331743643559
0.1602212253330794,0.1595352328596895
0.1633628179866692,0.1626357136528578
0.166504410640259,0.1657345860820743
0.1696460032938488,0.168831819501458
0.1727875959474386,0.171927383281337
0.1759291886010284,0.1750212468085507
0.1790707812546182,0.1781133794867532
0.182212373908208,0.1812037507367155
0.1853539665617978,0.1842923299966278
0.1884955592153875,0.1873790867224023
0.1916371518689773,0.1904639903879748
0.1947787445225671,0.1935470104856064
0.1979203371761569,0.1966281165261859
0.2010619298297467,0.1997072780395308
0.2042035224833365,0.2027844645746884
0.2073451151369263,0.2058596457002378
0.2104867077905161,0.2089327910045899
0.2136283004441059,0.2120038700962889
0.2167698930976957,0.2150728526043123
0.2199114857512855,0.2181397081783717
0.2230530784048753,0.2212044064892124
0.2261946710584651,0.224266917228914
0.2293362637120548,0.2273272101111895
0.2324778563656446,0.2303852548716855
0.2356194490192344,0.2334410212682806
0.2387610416728242,0.2364944790813854
0.241902634326414,0.2395455981142406
0.2450442269800038,0.2425943481932162
0.2481858196335936,0.2456406991681095
0.2513274122871834,0.2486846209124436
0.2544690049407732,0.2517260833237648
0.2576105975943631,0.2547650563239409
0.2607521902479529,0.2578015098594585
0.2638937829015427,0.2608354139017198
0.2670353755551325,0.2638667384473401
0.2701769682087223,0.2668954535184442
0.2733185608623122,0.2699215291629629
0.276460153515902,0.2729449354549294
0.2796017461694918,0.2759656424947749
0.2827433388230816,0.2789836204096247
0.2858849314766714,0.2819988393535933
0.2890265241302613,0.2850112695080796
0.2921681167838511,0.288020881082062
0.2953097094374409,0.2910276443123929
0.2984513020910307,0.2940315294640928
0.3015928947446205,0.2970325068306447
0.3047344873982104,0.3000305467342878
0.3078760800518002,0.3030256195263109
0.31101767270539,0.3060176955873455
0.3141592653589798,0.3090067453276592
0.3173008580125696,0.3119927391874477
0.3204424506661595,0.3149756476371275
0.3235840433197493,0.3179554411776278
0.3267256359733391,0.3209320903406824
0.3298672286269289,0.323905565689121
0.3330088212805187,0.3268758378171601
0.3361504139341085,0.3298428773506943
0.3392920065876984,0.3328066549475863
0.3424335992412882,0.3357671412979573
0.345575191894878,0.3387243071244769
0.3487167845484678,0.3416781231826526
0.3518583772020576,0.344628560261119
0.3549999698556475,0.3475755891819265
0.3581415625092373,0.3505191808008301
0.3612831551628271,0.3534593060075776
0.3644247478164169,0.3563959357261974
0.3675663404700067,0.3593290409152861
0.3707079331235966,0.3622585925682953
0.3738495257771864,0.3651845617138194
0.3769911184307762,0.3681069194158811
0.380132711084366,0.3710256367742182
0.3832743037379558,0.3739406849245689
0.3864158963915457,0.376852035038958
0.3895574890451355,0.379759658325981
0.3926990816987253,0.3826635260310898
0.3958406743523151,0.3855636094368763
0.3989822670059049,0.3884598798633571
0.4021238596594948,0.3913523086682562
0.4052654523130846,0.3942408672472893
0.4084070449666744,0.3971255270344459
0.4115486376202642,0.4000062595022722
0.414690230273854,0.402883036162153
0.4178318229274439,0.4057558285645936
0.4209734155810337,0.408624608299501
0.4241150082346235,0.4114893469964652
0.4272566008882133,0.414350016325039
0.4303981935418031,0.4172065879950192
0.433539786195393,0.4200590337567254
0.4366813788489828,0.4229073254012802
0.4398229715025726,0.4257514347608874
0.4429645641561624,0.4285913337091113
0.4461061568097522,0.4314269941611543
0.4492477494633421,0.4342583880741347
0.4523893421169319,0.4370854874473646
0.4555309347705217,0.4399082643226259
0.4586725274241115,0.4427266907844476
0.4618141200777013,0.4455407389603813
0.4649557127312912,0.4483503810212772
0.468097305384881,0.4511555891815591
0.4712388980384708,0.4539563356994994
0.4743804906920606,0.4567525928774931
0.4775220833456504,0.4595443330623321
0.4806636759992403,0.4623315286454783
0.4838052686528301,0.4651141520633371
0.4869468613064199,0.4678921757975295
0.4900884539600097,0.4706655723751645
0.4932300466135995,0.4734343143691109
0.4963716392671894,0.476198374398268
0.4995132319207792,0.4789577251278372
0.5026548245743689,0.4817123392695915
0.5057964172279588,0.484462189582146
0.5089380098815486,0.4872072488712271
0.5120796025351384,0.489947489989941
0.5152211951887282,0.492682885839043
0.518362787842318,0.4954134093672047
0.5215043804959079,0.4981390335712821
0.5246459731494977,0.5008597314965823
0.5277875658030875,0.5035754762371301
0.5309291584566773,0.5062862409359342
0.5340707511102671,0.5089919987852528
0.537212343763857,0.5116927230268586
0.5403539364174468,0.5143883869523037
0.5434955290710366,0.5170789639031832
0.5466371217246264,0.5197644272713993
0.5497787143782162,0.5224447504994242
0.5529203070318061,0.5251199070805629
0.5560618996853959,0.5277898705592153
0.5592034923389857,0.5304546145311378
0.5623450849925755,0.5331141126437043
0.5654866776461653,0.535768338596167
0.5686282702997552,0.5384172661399163
0.571769862953345,0.5410608690787405
0.5749114556069348,0.5436991212690852
0.5780530482605246,0.546331996620311
0.5811946409141144,0.5489594690949523
0.5843362335677043,0.5515815127089746
0.5874778262212941,0.5541981015320312
0.5906194188748839,0.5568092096877199
0.5937610115284737,0.5594148113538387
0.5969026041820635,0.5620148807626416
0.6000441968356534,0.5646093922010929
0.6031857894892432,0.5671983200111216
0.606327382142833,0.5697816385898754
0.6094689747964228,0.5723593223899737
0.6126105674500126,0.5749313459197601
0.6157521601036025,0.5774976837435551
0.6188937527571923,0.5800583104819069
0.6220353454107821,0.5826132008118428
0.6251769380643719,0.5851623294671193
0.6283185307179617,0.5877056712384727
0.6314601233715516,0.5902432009738675
0.6346017160251414,0.5927748935787457
0.6377433086787312,0.5953007240162748
0.640884901332321,0.5978206673075953
0.6440264939859108,0.6003346985320681
0.6471680866395007,0.6028427928275204
0.6503096792930905,0.6053449253904921
0.6534512719466803,0.6078410714764807
0.6565928646002701,0.6103312064001861
0.6597344572538599,0.612815305535755
0.6628760499074497,0.6152933443170241
0.6660176425610396,0.6177652982377629
0.6691592352146294,0.6202311428519168
0.6723008278682192,0.6226908537738481
0.675442420521809,0.6251444066785774
0.6785840131753988,0.6275917773020241
0.6817256058289887,0.6300329414412467
0.6848671984825785,0.6324678749546816
0.6880087911361683,0.6348965537623824
0.6911503837897581,0.6373189538462576
0.6942919764433479,0.6397350512503083
0.6974335690969378,0.6421448220808652
0.7005751617505276,0.6445482425068247
0.7037167544041174,0.6469452887598848
0.7068583470577072,0.6493359371347797
0.709999939711297,0.6517201639895148
0.7131415323648869,0.6540979457456004
0.7162831250184767,0.6564692588882846
0.7194247176720665,0.6588340799667858
0.7225663103256563,0.661192385594525
0.7257079029792461,0.6635441524493567
0.728849495632836,0.6658893572738001
0.7319910882864258,0.6682279768752681
0.7351326809400156,0.6705599881262979
0.7382742735936054,0.6728853679647787
0.7414158662471952,0.6752040933941802
0.7445574589007851,0.6775161414837801
0.7476990515543749,0.6798214893688908
0.7508406442079647,0.6821201142510851
0.7539822368615545,0.6844119933984225
0.7571238295151443,0.6866971041456733
0.7602654221687342,0.688975423894543
0.763407014822324,0.6912469301138957
0.7665486074759138,0.6935116003399772
0.7696902001295036,0.6957694121766366
0.7728317927830934,0.6980203432955484
0.7759733854366833,0.7002643714364329
0.7791149780902731,0.7025014744072767
0.7822565707438629,0.7047316300845515
0.7853981633974527,0.7069548164134337
0.7885397560510425,0.7091710114080219
0.7916813487046324,0.7113801931515547
0.7948229413582222,0.7135823397966271
0.797964534011812,0.7157774295654071
0.8011061266654018,0.7179654407498506
0.8042477193189916,0.7201463517119159
0.8073893119725815,0.7223201408837784
0.8105309046261713,0.7244867867680432
0.8136724972797611,0.7266462679379582
0.8168140899333509,0.7287985630376256
0.8199556825869407,0.7309436507822132
0.8230972752405306,0.7330815099581655
0.8262388678941204,0.7352121194234121
0.8293804605477102,0.7373354581075784
0.8325220532013,0.7394515050121928
0.8356636458548898,0.741560239210895
0.8388052385084797,0.7436616398496424
0.8419468311620695,0.7457556861469169
0.8450884238156593,0.7478423573939302
0.8482300164692491,0.7499216329548285
0.8513716091228389,0.7519934922668965
0.8545132017764288,0.754057914840761
0.8576547944300186,0.7561148802605936
0.8607963870836084,0.7581643681843121
0.8639379797371982,0.7602063583437821
0.867079572390788,0.7622408305450176
0.8702211650443779,0.76426776466838
0.8733627576979677,0.7662871406687777
0.8765043503515575,0.7682989385758642
0.8796459430051473,0.7703031384942355
0.8827875356587371,0.7722997206036268
0.885929128312327,0.7742886651591088
0.8890707209659168,0.7762699524912824
0.8922123136195066,0.7782435630064739
0.8953539062730964,0.7802094771869283
0.8984954989266862,0.7821676755910026
0.9016370915802761,0.7841181388533578
0.9047786842338659,0.7860608476851504
0.9079202768874557,0.7879957828742236
0.9110618695410455,0.7899229252852968
0.9142034621946353,0.7918422558601552
0.9173450548482251,0.7937537556178379
0.920486647501815,0.7956574056548259
0.9236282401554048,0.7975531871452289
0.9267698328089946,0.7994410813409717
0.9299114254625844,0.8013210695719792
0.9330530181161742,0.8031931332463614
0.9361946107697641,0.8050572538505972
0.9393362034233539,0.8069134129497173
0.9424777960769437,0.8087615921874867
0.9456193887305335,0.810601773286586
0.9487609813841233,0.8124339380487926
0.9519025740377132,0.8142580683551601
0.955044166691303,0.816074146166198
0.9581857593448928,0.8178821535220497
0.9613273519984826,0.8196820725426704
0.9644689446520724,0.8214738854280037
0.9676105373056623,0.8232575744581578
0.9707521299592521,0.8250331219935807
0.9738937226128419,0.8268005104752344
0.9770353152664317,0.8285597224247691
0.9801769079200215,0.8303107404446953
0.9833185005736114,0.8320535472185567
0.9864600932272012,0.8337881255111007
0.989601685880791,0.8355144581684493
0.9927432785343808,0.8372325281182684
0.9958848711879706,0.8389423183699373
0.9990264638415605,0.8406438120147157
1.00216805649515,0.8423369922259119
1.00530964914874,0.8440218422590483
1.00845124180233,0.845698345452028
1.01159283445592,0.8473664852252989
1.01473442710951,0.8490262450820175
1.017876019763099,0.8506776086082127
1.021017612416689,0.8523205594729477
1.024159205070279,0.8539550814284815
1.027300797723869,0.8555811583104297
1.030442390377459,0.8571987740379243
1.033583983031048,0.8588079126137729
1.036725575684638,0.8604085581246164
1.039867168338228,0.862000694741087
1.043008760991818,0.8635843067179645
1.046150353645408,0.8651593783943319
1.049291946298998,0.8667258941937301
1.052433538952587,0.8682838386243127
1.055575131606177,0.8698331962789982
1.058716724259767,0.8713739518356232
1.061858316913357,0.8729060900570933
1.064999909566947,0.8744295957915343
1.068141502220536,0.8759444539724419
1.071283094874126,0.8774506496188303
1.074424687527716,0.8789481678353809
1.077566280181306,0.8804369938125892
1.080707872834896,0.8819171128269117
1.083849465488486,0.8833885102409108
1.086991058142075,0.8848511715034005
1.090132650795665,0.8863050821495895
1.093274243449255,0.8877502278012245
1.096415836102845,0.8891865941667326
1.099557428756435,0.8906141670413624
1.102699021410025,0.8920329323073245
1.105840614063614,0.8934428759339311
1.108982206717204,0.894843983977735
1.112123799370794,0.8962362425826671
1.115265392024384,0.8976196379801737
1.118406984677974,0.8989941564893529
1.121548577331563,0.900359784517089
1.124690169985153,0.901716508558188
1.127831762638743,0.9030643151955104
1.130973355292333,0.9044031911001045
1.134114947945923,0.9057331230313374
1.137256540599513,0.9070540978370267
1.140398133253102,0.9083661024535704
1.143539725906692,0.9096691239060757
1.146681318560282,0.9109631493084878
1.149822911213872,0.9122481658637168
1.152964503867462,0.9135241608637651
1.156106096521051,0.9147911216898521
1.159247689174641,0.9160490358125397
1.162389281828231,0.9172978907918559
1.165530874481821,0.9185376742774177
1.168672467135411,0.9197683740085537
1.171814059789001,0.9209899778144249
1.17495565244259,0.9222024736141452
1.17809724509618,0.923405849416901
1.18123883774977,0.9246000933220695
1.18438043040336,0.9257851935193367
1.18752202305695,0.9269611382888143
1.190663615710539,0.928127916001155
1.193805208364129,0.9292855151176678
1.196946801017719,0.9304339241904326
1.200088393671309,0.9315731318624128
1.203229986324899,0.9327031268675676
1.206371578978489,0.9338238980309641
1.209513171632078,0.9349354342688869
1.212654764285668,0.9360377245889484
1.215796356939258,0.9371307580901971
1.218937949592848,0.9382145239632256
1.222079542246438,0.9392890114902775
1.225221134900027,0.9403542100453535
1.228362727553617,0.9414101090943159
1.231504320207207,0.9424566981949937
1.234645912860797,0.943493966997285
1.237787505514387,0.9445219052432602
1.240929098167977,0.9455405027672624
1.244070690821566,0.9465497494960089
1.247212283475156,0.9475496354486903
1.250353876128746,0.9485401507370693
1.253495468782336,0.9495212855655787
1.256637061435926,0.9504930302314177
1.259778654089516,0.9514553751246488
1.262920246743105,0.9524083107282919
1.266061839396695,0.9533518276184187
1.269203432050285,0.9542859164642464
1.272345024703875,0.9552105680282293
1.275486617357465,0.9561257731661505
1.278628210011054,0.9570315228272124
1.281769802664644,0.9579278080541256
1.284911395318234,0.9588146199831984
1.288052987971824,0.9596919498444239
1.291194580625414,0.9605597889615667
1.294336173279004,0.961418128752249
1.297477765932593,0.9622669607280351
1.300619358586183,0.9631062764945157
1.303760951239773,0.9639360677513908
1.306902543893363,0.9647563262925518
1.310044136546953,0.9655670440061623
1.313185729200542,0.966368212874739
1.316327321854132,0.9671598249752302
1.319468914507722,0.9679418724790951
1.322610507161312,0.9687143476523803
1.325752099814902,0.9694772428557967
1.328893692468492,0.9702305505447952
1.332035285122081,0.970974263269641
1.335176877775671,0.9717083736754873
1.338318470429261,0.9724328745024485
1.341460063082851,0.9731477585856713
1.344601655736441,0.9738530188554059
1.34774324839003,0.974548648337076
1.35088484104362,0.9752346401513479
1.35402643369721,0.9759109875141978
1.3571680263508,0.9765776837369798
1.36030961900439,0.9772347222264917
1.36345121165798,0.9778820964850398
1.366592804311569,0.9785198001105037
1.369734396965159,0.9791478267963994
1.372875989618749,0.9797661703319419
1.376017582272339,0.980374824602106
1.379159174925929,0.9809737835876875
1.382300767579518,0.9815630413653623
1.385442360233108,0.9821425921077451
1.388583952886698,0.982712430083447
1.391725545540288,0.9832725496571322
1.394867138193878,0.9838229452895737
1.398008730847468,0.9843636115377081
1.401150323501057,0.9848945430546896
1.404291916154647,0.9854157345899425
1.407433508808237,0.9859271809892134
1.410575101461827,0.9864288771946222
1.413716694115417,0.986920818244712
1.416858286769006,0.9874029992744979
1.419999879422596,0.9878754155155159
1.423141472076186,0.9883380622958692
1.426283064729776,0.9887909350402748
1.429424657383366,0.9892340292701089
1.432566250036956,0.989667340603451
1.435707842690545,0.9900908647551269
1.438849435344135,0.9905045975367517
1.441991027997725,0.9909085348567709
1.445132620651315,0.9913026727205008
1.448274213304905,0.9916870072301681
1.451415805958495,0.9920615345849487
1.454557398612084,0.9924262510810048
1.457698991265674,0.9927811531115217
1.460840583919264,0.9931262371667438
1.463982176572854,0.9934614998340087
1.467123769226444,0.9937869377977816
1.470265361880033,0.9941025478396877
1.473406954533623,0.9944083268385439
1.476548547187213,0.9947042717703901
1.479690139840803,0.9949903797085189
1.482831732494393,0.9952666478235044
1.485973325147983,0.9955330733832303
1.489114917801572,0.9957896537529169
1.492256510455162,0.9960363863951475
1.495398103108752,0.9962732688698926
1.498539695762342,0.9965002988345352
1.501681288415932,0.9967174740438929
1.504822881069521,0.9969247923502408
1.507964473723111,0.9971222517033325
1.511106066376701,0.9973098501504204
1.514247659030291,0.9974875858362749
1.517389251683881,0.997655457003203
1.520530844337471,0.9978134619910654
1.52367243699106,0.997961599237293
1.52681402964465,0.9980998672769026
1.52995562229824,0.9982282647425109
1.53309721495183,0.9983467903643487
1.53623880760542,0.9984554429702728
1.539380400259009,0.9985542214857778
1.542521992912599,0.998643124934007
1.545663585566189,0.9987221524357617
1.548805178219779,0.99879130320951
1.551946770873369,0.9988505765713949
1.555088363526959,0.9988999719352402
1.558229956180548,0.9989394888125572
1.561371548834138,0.9989691268125491
1.564513141487728,0.998988885642115
1.567654734141318,0.9989987651058524
1.570796326794908,0.9989987651060599
1.573937919448497,0.9989888856427374
1.577079512102087,0.9989691268135864
1.580221104755677,0.9989394888140094
1.583362697409267,0.9988999719371072
1.586504290062857,0.9988505765736768
1.589645882716447,0.9987913032122069
1.592787475370036,0.9987221524388734
1.595929068023626,0.9986431249375336
1.599070660677216,0.9985542214897192
1.602212253330806,0.998455442974629
1.605353845984396,0.9983467903691197
1.608495438637985,0.9982282647476965
1.611637031291575,0.9980998672825028
1.614778623945165,0.9979615992433077
1.617920216598755,0.9978134619974947
1.621061809252345,0.9976554570100468
1.624203401905935,0.997487585843533
1.627344994559524,0.9973098501580928
1.630486587213114,0.9971222517114191
1.633628179866704,0.9969247923587415
1.636769772520294,0.9967174740528076
1.639911365173884,0.9965002988438639
1.643052957827474,0.9962732688796353
1.646194550481063,0.9960363864053039
1.649336143134653,0.995789653763487
1.652477735788243,0.9955330733942139
1.655619328441833,0.9952666478349015
1.658760921095423,0.9949903797203293
1.661902513749012,0.9947042717826138
1.665044106402602,0.9944083268511806
1.668185699056192,0.9941025478527374
1.671327291709782,0.9937869378112443
1.674468884363372,0.9934614998478841
1.677610477016962,0.9931262371810318
1.680752069670551,0.9927811531262222
1.683893662324141,0.9924262510961176
1.687035254977731,0.9920615346004736
1.690176847631321,0.991687007246105
1.693318440284911,0.9913026727368495
1.6964600329385,0.9909085348735313
1.69960162559209,0.9905045975539236
1.70274321824568,0.9900908647727101
1.70588481089927,0.9896673406214455
1.70902640355286,0.9892340292885144
1.71216799620645,0.9887909350590911
1.715309588860039,0.988338062315096
1.718451181513629,0.9878754155351531
1.721592774167219,0.9874029992945453
1.724734366820809,0.9869208182651694
1.727875959474399,0.9864288772154896
1.731017552127988,0.9859271810104904
1.734159144781578,0.9854157346116288
1.737300737435168,0.984894543076785
1.740442330088758,0.9843636115602126
1.743583922742348,0.9838229453124868
1.746725515395938,0.9832725496804539
1.749867108049527,0.982712430107177
1.753008700703117,0.9821425921318833
1.756150293356707,0.9815630413899084
1.759291886010297,0.9809737836126411
1.762433478663887,0.9803748246274669
1.765575071317476,0.9797661703577099
1.768716663971066,0.9791478268225743
1.771858256624656,0.9785198001370851
1.774999849278246,0.9778820965120274
1.778141441931836,0.9772347222538854
1.781283034585426,0.9765776837647794
1.784424627239015,0.9759109875424028
1.787566219892605,0.9752346401799581
1.790707812546195,0.9745486483660912
1.793849405199785,0.9738530188848257
1.796990997853375,0.9731477586154954
1.800132590506965,0.9724328745326767
1.803274183160554,0.9717083737061193
1.806415775814144,0.9709742633006764
1.809557368467734,0.9702305505762338
1.812698961121324,0.9694772428876381
1.815840553774914,0.9687143476846243
1.818982146428503,0.9679418725117414
1.822123739082093,0.9671598250082784
1.825265331735683,0.9663682129081886
1.828406924389273,0.9655670440400133
1.831548517042863,0.9647563263268036
1.834690109696453,0.9639360677860432
1.837831702350042,0.9631062765295683
1.840973295003632,0.9622669607634875
1.844114887657222,0.961418128788101
1.847256480310812,0.9605597889978179
1.850398072964402,0.9596919498810739
1.853539665617991,0.9588146200202469
1.856681258271581,0.9579278080915721
1.859822850925171,0.9570315228650565
1.862964443578761,0.9561257732043921
1.866106036232351,0.9552105680668678
1.869247628885941,0.9542859165032814
1.87238922153953,0.9533518276578499
1.87553081419312,0.9524083107681188
1.87867240684671,0.9514553751648712
1.8818139995003,0.9504930302720351
1.88495559215389,0.9495212856065907
1.888097184807479,0.9485401507784755
1.891238777461069,0.9475496354904903
1.894380370114659,0.9465497495382023
1.897521962768249,0.9455405028098487
1.900663555421839,0.944521905286239
1.903805148075429,0.943493967040656
1.906946740729018,0.9424566982387563
1.910088333382608,0.9414101091384698
1.913229926036198,0.9403542100898982
1.916371518689788,0.9392890115352126
1.919513111343378,0.9382145240085505
1.922654703996967,0.9371307581359115
1.925796296650557,0.9360377246350519
1.928937889304147,0.934935434315379
1.932079481957737,0.9338238980778443
1.935221074611327,0.9327031269148355
1.938362667264917,0.9315731319100677
1.941504259918506,0.9304339242384743
1.944645852572096,0.9292855151660957
1.947787445225686,0.9281279160499686
1.950929037879276,0.9269611383380133
1.954070630532866,0.9257851935689205
1.957212223186455,0.9246000933720375
1.960353815840045,0.9234058494672528
1.963495408493635,0.9222024736648804
1.966637001147225,0.9209899778655429
1.969778593800815,0.9197683740600541
1.972920186454405,0.9185376743292999
1.976061779107994,0.9172978908441193
1.979203371761584,0.9160490358651838
1.982344964415174,0.9147911217428765
1.985486557068764,0.9135241609171691
1.988628149722354,0.9122481659175
1.991769742375944,0.9109631493626495
1.994911335029533,0.9096691239606156
1.998052927683123,0.9083661025084879
2.001194520336713,0.9070540978923213
2.004336112990302,0.9057331230870084
2.007477705643892,0.9044031911561514
2.010619298297482,0.9030643152519328
2.013760890951071,0.9017165086149851
2.016902483604661,0.9003597845742604
2.02004407625825,0.8989941565468978
2.02318566891184,0.8976196380380919
2.02632726156543,0.8962362426409577
2.029468854219019,0.8948439840363975
2.032610446872609,0.8934428759929651
2.035752039526198,0.8920329323667293
2.038893632179788,0.8906141671011375
2.042035224833378,0.8891865942268774
2.045176817486967,0.8877502278617383
2.048318410140557,0.8863050822104717
2.051460002794146,0.8848511715646505
2.054601595447736,0.8833885103025281
2.057743188101326,0.8819171128888955
2.060884780754915,0.8804369938749391
2.064026373408505,0.8789481678980962
2.067167966062094,0.8774506496819103
2.070309558715684,0.8759444540358861
2.073451151369273,0.8744295958553421
2.076592744022863,0.8729060901212639
2.079734336676453,0.871373951900156
2.082875929330042,0.8698331963438927
2.086017521983632,0.8682838386895682
2.089159114637221,0.866725894259346
2.092300707290811,0.8651593784603073
2.095442299944401,0.863584306784299
2.09858389259799,0.8620006948077799
2.10172548525158,0.8604085581916668
2.104867077905169,0.8588079126811804
2.108008670558759,0.8571987741056882
2.111150263212349,0.8555811583785493
2.114291855865938,0.8539550814969562
2.117433448519528,0.8523205595417768
2.120575041173117,0.8506776086773955
2.123716633826707,0.8490262451515533
2.126858226480297,0.847366485295187
2.129999819133886,0.8456983455222679
2.133141411787476,0.8440218423296391
2.136283004441065,0.8423369922968528
2.139424597094655,0.8406438120860062
2.142566189748245,0.8389423184415766
2.145707782401834,0.837232528190256
2.148849375055424,0.8355144582407842
2.151990967709013,0.8337881255837823
2.155132560362603,0.8320535472915843
2.158274153016193,0.8303107405180682
2.161415745669782,0.8285597224984864
2.164557338323372,0.8268005105492956
2.167698930976961,0.825033122067985
2.170840523630551,0.8232575745329045
2.173982116284141,0.821473885503092
2.17712370893773,0.8196820726180996
2.18026530159132,0.8178821535978189
2.183406894244909,0.8160741462423066
2.186548486898499,0.8142580684316073
2.189690079552089,0.8124339381255776
2.192831672205678,0.8106017733637081
2.195973264859268,0.808761592264945
2.199114857512857,0.8069134130275113
2.202256450166447,0.805057253928726
2.205398042820037,0.8031931333248242
2.208539635473626,0.8013210696507752
2.211681228127216,0.7994410814201002
2.214822820780805,0.797553187224689
2.217964413434395,0.7956574057346169
2.221106006087985,0.7937537556979589
2.224247598741574,0.7918422559406055
2.227389191395164,0.7899229253660757
2.230530784048753,0.7879957829553301
2.233672376702343,0.7860608477665838
2.236813969355933,0.7841181389351173
2.239955562009522,0.7821676756730874
2.243097154663112,0.7802094772693376
2.246238747316701,0.7782435630892068
2.249380339970291,0.7762699525743382
2.252521932623881,0.7742886652424866
2.25566352527747,0.7722997206873259
2.25880511793106,0.7703031385782549
2.261946710584649,0.7682989386602032
2.265088303238239,0.7662871407534353
2.268229895891829,0.7642677647533554
2.271371488545418,0.7622408306303101
2.274513081199008,0.7602063584293909
2.277654673852597,0.7581643682702361
2.280796266506187,0.7561148803468322
2.283937859159777,0.7540579149273132
2.287079451813366,0.7519934923537615
2.290221044466956,0.7499216330420054
2.293362637120545,0.7478423574814183
2.296504229774135,0.7457556862347151
2.299645822427725,0.7436616399377499
2.302787415081314,0.7415602392993109
2.305929007734904,0.7394515051009164
2.309070600388493,0.7373354581966087
2.312212193042083,0.7352121195127482
2.315353785695673,0.7330815100478065
2.318495378349262,0.7309436508721584
2.321636971002852,0.7287985631278738
2.324778563656441,0.7266462680285087
2.327920156310031,0.7244867868588951
2.331061748963621,0.7223201409749308
2.33420334161721,0.7201463518033679
2.3373449342708,0.7179654408416013
2.340486526924389,0.7157774296574556
2.343628119577979,0.7135823398889725
2.346769712231568,0.7113801932441959
2.349911304885158,0.7091710115009582
2.353052897538748,0.7069548165066641
2.356194490192337,0.7047316301780752
2.359336082845927,0.7025014745010926
2.362477675499516,0.7002643715305402
2.365619268153106,0.698020343389946
2.368760860806696,0.6957694122713236
2.371902453460285,0.6935116004349526
2.375044046113875,0.6912469302091587
2.378185638767464,0.6889754239900926
2.381327231421054,0.6866971042415086
2.384468824074644,0.6844119934945426
2.387610416728233,0.682120114347489
2.390752009381823,0.6798214894655775
2.393893602035412,0.6775161415807488
2.397035194689002,0.6752040934914298
2.400176787342592,0.6728853680623084
2.403318379996181,0.6705599882241067
2.406459972649771,0.6682279769733549
2.40960156530336,0.6658893573721639
2.41274315795695,0.6635441525479967
2.41588475061054,0.6611923856934401
2.419026343264129,0.658834080065975
2.422167935917719,0.656469258987747
2.425309528571308,0.654097945845335
2.428451121224898,0.6517201640895205
2.431592713878488,0.6493359372350554
2.434734306532077,0.6469452888604298
2.437875899185667,0.644548242607638
2.441017491839256,0.6421448221819457
2.444159084492846,0.639735051351655
2.447300677146436,0.6373189539478695
2.450442269800025,0.6348965538642586
2.453583862453615,0.632467875056821
2.456725455107204,0.6300329415436483
2.459867047760794,0.627591777404687
2.463008640414384,0.6251444067815004
2.466150233067973,0.6226908538770304
2.469291825721563,0.6202311429553573
2.472433418375152,0.6177652983414605
2.475575011028742,0.6152933444209777
2.478716603682332,0.6128153056399638
2.481858196335921,0.6103312065046489
2.484999788989511,0.6078410715811965
2.4881413816431,0.6053449254954599
2.49128297429669,0.6028427929327392
2.49442456695028,0.6003346986375369
2.497566159603869,0.597820667413313
2.500707752257459,0.5953007241222402
2.503849344911048,0.5927748936849579
2.506990937564638,0.5902432010803255
2.510132530218228,0.5877056713451754
2.513274122871817,0.5851623295740657
2.516415715525407,0.5826132009190317
2.519557308178996,0.5800583105893373
2.522698900832586,0.577497683851226
2.525840493486176,0.5749313460276704
2.528982086139765,0.5723593224981222
2.532123678793355,0.5697816386982612
2.535265271446944,0.5671983201197435
2.538406864100534,0.5646093923099499
2.541548456754124,0.5620148808717327
2.544690049407713,0.5594148114631626
2.547831642061303,0.5568092097972756
2.550973234714892,0.5541981016418176
2.554114827368482,0.5515815128189907
2.557256420022072,0.548959469205197
2.560398012675661,0.5463319967307831
2.563539605329251,0.5436991213797837
2.56668119798284,0.5410608691896645
2.56982279063643,0.5384172662510645
2.57296438329002,0.5357683387075383
2.576105975943609,0.5331141127552976
2.579247568597199,0.5304546146429521
2.582389161250788,0.5277898706712494
2.585530753904378,0.5251199071928156
2.588672346557968,0.5224447506118944
2.591813939211557,0.519764427384086
2.594955531865147,0.5170789640160853
2.598097124518736,0.5143883870654201
2.601238717172326,0.5116927231401882
2.604380309825916,0.5089919988987943
2.607521902479505,0.5062862410496866
2.610663495133095,0.5035754763510922
2.613805087786684,0.500859731610753
2.616946680440274,0.4981390336856604
2.620088273093863,0.4954134094817894
2.623229865747453,0.4926828859538329
2.626371458401043,0.4899474901049349
2.629513051054632,0.4872072489864239
2.632654643708222,0.4844621896975447
2.635796236361811,0.4817123393851908
2.638937829015401,0.478957725243636
2.642079421668991,0.4761983745142652
2.64522101432258,0.4734343144853053
2.64836260697617,0.4706655724915551
2.651504199629759,0.4678921759141149
2.654645792283349,0.4651141521801163
2.657787384936939,0.4623315287624501
2.660928977590528,0.4595443331794953
2.664070570244118,0.4567525929948467
2.667212162897707,0.4539563358170421
2.670353755551297,0.4511555892992899
2.673495348204887,0.4483503811391948
2.676636940858476,0.4455407390784846
2.679778533512066,0.4427266909027354
2.682920126165655,0.439908264441097
2.686061718819245,0.4370854875660178
2.689203311472835,0.4342583881929689
2.692344904126424,0.4314269942801682
2.695486496780014,0.4285913338283039
2.698628089433603,0.4257514348802575
2.701769682087193,0.4229073255208265
2.704911274740783,0.4200590338764468
2.708052867394372,0.4172065881149145
2.711194460047962,0.414350016445107
2.714336052701551,0.4114893471167047
2.717477645355141,0.4086246084199109
2.720619238008731,0.4057558286851726
2.72376083066232,0.4028830362829
2.72690242331591,0.4000062596231859
2.730044015969499,0.3971255271555252
2.733185608623089,0.3942408673685329
2.736327201276679,0.391352308789663
2.739468793930268,0.3884598799849258
2.742610386583858,0.3855636095586059
2.745751979237447,0.3826635261529789
2.748893571891037,0.3797596584480284
2.752035164544627,0.3768520351611626
2.755176757198216,0.3739406850469295
2.758318349851806,0.3710256368967335
2.761459942505395,0.36810691953855
2.764601535158985,0.3651845618366406
2.767743127812575,0.3622585926912676
2.770884720466164,0.3593290410384082
2.774026313119754,0.3563959358494682
2.777167905773343,0.3534593061309959
2.780309498426933,0.3505191809243945
2.783451091080523,0.3475755893056359
2.786592683734112,0.3446285603849722
2.789734276387702,0.3416781233066484
2.792875869041291,0.338724307248614
2.796017461694881,0.3357671414222344
2.799159054348471,0.3328066550720022
2.80230064700206,0.3298428774752479
2.80544223965565,0.3268758379418501
2.808583832309239,0.3239055658139461
2.811725424962829,0.3209320904656415
2.814867017616419,0.3179554413027195
2.818008610270008,0.3149756477623507
2.821150202923598,0.3119927393128011
2.824291795577187,0.3090067454531416
2.827433388230777,0.3060176957129557
2.830574980884367,0.3030256196520475
2.833716573537956,0.3000305468601497
2.836858166191546,0.2970325069566306
2.839999758845135,0.2940315295902014
2.843141351498725,0.291027644438623
2.846282944152315,0.2880208812084124
2.849424536805904,0.285011269634549
2.852566129459494,0.2819988394801804
2.855707722113083,0.2789836205363284
2.858849314766673,0.2759656426215938
2.861990907420263,0.2729449355818623
2.865132500073852,0.2699215292900086
2.868274092727442,0.2668954536456014
2.871415685381031,0.2638667385746076
2.874557278034621,0.2608354140290963
2.877698870688211,0.2578015099869427
2.8808404633418,0.2547650564515316
2.88398205599539,0.2517260834514606
2.887123648648979,0.2486846210402434
2.890265241302569,0.245640699296012
2.893406833956158,0.2425943483212201
2.896548426609748,0.2395455982423446
2.899690019263338,0.2364944792095882
2.902831611916927,0.2334410213965811
2.905973204570517,0.2303852550000823
2.909114797224106,0.2273272102396814
2.912256389877696,0.2242669173574996
2.915397982531286,0.2212044066178906
2.918539575184875,0.2181397083071411
2.921681167838465,0.2150728527331718
2.924822760492054,0.212003870225237
2.927964353145644,0.2089327911336255
2.931105945799234,0.2058596458293595
2.934247538452823,0.202784464703895
2.937389131106413,0.1997072781688209
2.940530723760002,0.1966281166555585
2.943672316413592,0.19354701061506
2.946813909067182,0.1904639905175081
2.949955501720771,0.1873790868520142
2.953097094374361,0.1842923301263169
2.95623868702795,0.1812037508664804
2.95938027968154,0.1781133796165928
2.96252187233513,0.1750212469384637
2.965663464988719,0.171927383411322
2.968805057642309,0.1688318196315138
2.971946650295898,0.1657345862121996
2.975088242949488,0.1626357137830513
2.978229835603078,0.15953523298995
2.981371428256667,0.1564331744946821
2.984513020910257,0.1533295689746367
2.987654613563846,0.1502244471225019
2.990796206217436,0.1471178396459615
2.993937798871026,0.1440097772673911
2.997079391524615,0.1409002907235541
3.000220984178205,0.1377894107652985
3.003362576831794,0.1346771681572519
3.006504169485384,0.1315635936775177
3.009645762138974,0.1284487181173709
3.012787354792563,0.1253325722809529
3.015928947446153,0.1222151869849679
3.019070540099742,0.119096593058377
3.022212132753332,0.1159768213420944
3.025353725406922,0.1128559026886815
3.028495318060511,0.1097338679620424
3.031636910714101,0.1066107480371184
3.03477850336769,0.1034865737995826
3.03792009602128,0.1003613761455349
3.04106168867487,0.0972351859811957
3.044203281328459,0.09410803422260108
3.047344873982049,0.0909799517952965
3.050486466635638,0.08785096963403116
3.053628059289228,0.08472111868245207
3.056769651942818,0.08159042989279801
3.059911244596407,0.07845893422559347
3.063052837249997,0.07532666264934244
3.066194429903586,0.07219364614022215
3.069336022557176,0.06905991568177675
3.072477615210766,0.06592550226461087
3.075619207864355,0.06279043688608321
3.078760800517945,0.05965475054999993
3.081902393171534,0.05651847426630806
3.085043985825124,0.05338163905078886
3.088185578478714,0.05024427592475105
3.091327171132303,0.04710641591472407
3.094468763785893,0.0439680900521512
3.097610356439482,0.04082932937308273
3.100751949093072,0.03769016491786899
3.103893541746662,0.03455062773085343
3.107035134400251,0.03141074886006555
3.110176727053841,0.02827055935691389
3.11331831970743,0.02513009027587896
3.11645991236102,0.0219893726742061
3.11960150501461,0.01884843761159839
3.122743097668199,0.01570731614990944
3.125884690321789,0.01256603935283622
3.129026282975378,0.009424638285611884
3.132167875628968,0.006283144014698537
3.135309468282558,0.003141587607480006
3.138451060936147,1.319546086980816e-10
