0,-1
-0.0099995,-0.999938
-0.0199968,-0.99975
-0.0299905,-0.999438
-0.0399795,-0.999
-0.0499625,-0.998438
-0.0599383,-0.997752
-0.0699056,-0.99694
-0.0798631,-0.996004
-0.0898097,-0.994943
-0.0997441,-0.993758
-0.109665,-0.992449
-0.119571,-0.991015
-0.129461,-0.989457
-0.139334,-0.987775
-0.149189,-0.985969
-0.159023,-0.984039
-0.168837,-0.981986
-0.178629,-0.979809
-0.188397,-0.977508
-0.19814,-0.975084
-0.207858,-0.972537
-0.217548,-0.969868
-0.227209,-0.967075
-0.236841,-0.964159
-0.246442,-0.961122
-0.25601,-0.957962
-0.265545,-0.95468
-0.275045,-0.951276
-0.284509,-0.94775
-0.293936,-0.944103
-0.303324,-0.940335
-0.312671,-0.936446
-0.321978,-0.932436
-0.331242,-0.928305
-0.340462,-0.924055
-0.349638,-0.919684
-0.358766,-0.915194
-0.367847,-0.910584
-0.376879,-0.905855
-0.385861,-0.901008
-0.394791,-0.896041
-0.403668,-0.890957
-0.412491,-0.885755
-0.421258,-0.880435
-0.429968,-0.874998
-0.43862,-0.869445
-0.447213,-0.863774
-0.455744,-0.857988
-0.464213,-0.852086
-0.472618,-0.846069
-0.480959,-0.839937
-0.489233,-0.83369
-0.497439,-0.827329
-0.505576,-0.820855
-0.513643,-0.814267
-0.521638,-0.807567
-0.52956,-0.800754
-0.537407,-0.79383
-0.545177,-0.786795
-0.552871,-0.779649
-0.560485,-0.772392
-0.56802,-0.765026
-0.575472,-0.757551
-0.582842,-0.749967
-0.590127,-0.742276
-0.597326,-0.734477
-0.604437,-0.726571
-0.61146,-0.71856
-0.618392,-0.710442
-0.625232,-0.70222
-0.63198,-0.693894
-0.638632,-0.685465
-0.645188,-0.676932
-0.651647,-0.668298
-0.658006,-0.659562
-0.664265,-0.650726
-0.670421,-0.641791
-0.676474,-0.632756
-0.682421,-0.623624
-0.688262,-0.614394
-0.693994,-0.605068
-0.699617,-0.595646
-0.705129,-0.58613
-0.710527,-0.57652
-0.715811,-0.566817
-0.720979,-0.557023
-0.72603,-0.547138
-0.730962,-0.537164
-0.735773,-0.5271
-0.740461,-0.51695
-0.745026,-0.506713
-0.749466,-0.49639
-0.753779,-0.485983
-0.757963,-0.475494
-0.762017,-0.464922
-0.76594,-0.45427
-0.769729,-0.443539
-0.773383,-0.432729
-0.776901,-0.421843
-0.780281,-0.410882
-0.783521,-0.399847
-0.78662,-0.388739
-0.789576,-0.37756
-0.792388,-0.366312
-0.795054,-0.354995
-0.797572,-0.343612
-0.799941,-0.332165
-0.802159,-0.320654
-0.804225,-0.309081
-0.806137,-0.297448
-0.807894,-0.285758
-0.809493,-0.274011
-0.810934,-0.262209
-0.812214,-0.250355
-0.813333,-0.238449
-0.814289,-0.226495
-0.81508,-0.214494
-0.815704,-0.202449
-0.816161,-0.19036
-0.816448,-0.178231
-0.816565,-0.166063
-0.81651,-0.153859
-0.816281,-0.141621
-0.815876,-0.129352
-0.815296,-0.117052
-0.814537,-0.104726
-0.813599,-0.0923753
-0.812481,-0.0800024
-0.811181,-0.0676099
-0.809698,-0.0552004
-0.80803,-0.0427766
-0.806177,-0.0303411
-0.804136,-0.0178967
-0.801908,-0.00544607
-0.799491,0.00700785
-0.796884,0.0194622
-0.794085,0.0319141
-0.791094,0.0443605
-0.78791,0.0567984
-0.784531,0.0692247
-0.780958,0.0816363
-0.777189,0.09403
-0.773223,0.106403
-0.76906,0.118751
-0.764699,0.131071
-0.76014,0.143361
-0.755381,0.155615
-0.750423,0.167832
-0.745265,0.180008
-0.739906,0.192138
-0.734347,0.20422
-0.728588,0.216249
-0.722627,0.228222
-0.716465,0.240136
-0.710103,0.251987
-0.70354,0.26377
-0.696776,0.275482
-0.689812,0.28712
-0.682649,0.298679
-0.675286,0.310155
-0.667724,0.321545
-0.659964,0.332845
-0.652008,0.34405
-0.643854,0.355158
-0.635506,0.366163
-0.626963,0.377061
-0.618228,0.38785
-0.6093,0.398525
-0.600183,0.409082
-0.590877,0.419517
-0.581383,0.429826
-0.571705,0.440006
-0.561844,0.450051
-0.551801,0.45996
-0.541579,0.469728
-0.53118,0.47935
-0.520607,0.488824
-0.509862,0.498146
-0.498948,0.507312
-0.487867,0.516319
-0.476622,0.525163
-0.465217,0.53384
-0.453654,0.542349
-0.441937,0.550684
-0.430069,0.558844
-0.418052,0.566825
-0.405892,0.574625
-0.393591,0.58224
-0.381154,0.589668
-0.368583,0.596906
-0.355884,0.603952
-0.343059,0.610803
-0.330113,0.617458
-0.317051,0.623915
-0.303876,0.63017
-0.290592,0.636224
-0.277205,0.642073
-0.263718,0.647717
-0.250135,0.653155
-0.236463,0.658385
-0.222704,0.663406
-0.208863,0.668218
-0.194946,0.67282
-0.180956,0.677212
-0.166899,0.681392
-0.152778,0.685362
-0.138599,0.689121
-0.124366,0.692669
-0.110083,0.696008
-0.0957555,0.699136
-0.0813876,0.702056
-0.0669839,0.704767
-0.0525486,0.707272
-0.0380862,0.709571
-0.0236011,0.711665
-0.00909732,0.713557
0.00542081,0.715247
0.0199492,0.716738
0.0344839,0.718031
0.0490209,0.719129
0.0635563,0.720033
0.0780864,0.720746
0.0926075,0.721271
0.107116,0.721609
0.121609,0.721764
0.136082,0.721738
0.150532,0.721533
0.164957,0.721154
0.179352,0.720602
0.193716,0.719881
0.208045,0.718993
0.222336,0.717942
0.236588,0.716731
0.250796,0.715363
0.26496,0.713841
0.279075,0.712168
0.293141,0.710348
0.307155,0.708383
0.321115,0.706277
0.335019,0.704034
0.348864,0.701655
0.36265,0.699145
0.376374,0.696506
0.390035,0.693742
0.403631,0.690855
0.41716,0.687848
0.430621,0.684725
0.444012,0.681487
0.457333,0.678138
0.470581,0.674681
0.483755,0.671117
0.496855,0.667449
0.509878,0.66368
0.522824,0.659811
0.535692,0.655846
0.548481,0.651785
0.561189,0.647631
0.573816,0.643386
0.586361,0.639052
0.598824,0.63463
0.611203,0.630122
0.6235,0.625529
0.635713,0.620854
0.647842,0.616098
0.659887,0.611263
0.671848,0.606349
0.683726,0.60136
0.69552,0.596297
0.707231,0.591161
0.71886,0.585954
0.730406,0.580678
0.74187,0.575335
0.753253,0.569926
0.764555,0.564453
0.775777,0.558918
0.786919,0.553322
0.797982,0.547668
0.808967,0.541957
0.819874,0.53619
0.830703,0.530369
0.841456,0.524496
0.852133,0.518573
0.862734,0.512601
0.873261,0.506581
0.883713,0.500515
0.894092,0.494405
0.904398,0.488252
0.914631,0.482057
0.924793,0.475822
0.934883,0.469548
0.944903,0.463236
0.954853,0.456888
0.964733,0.450504
0.974544,0.444087
0.984286,0.437637
0.993961,0.431156
1.00357,0.424644
1.01311,0.418102
1.02258,0.411533
1.03199,0.404935
1.04134,0.398312
1.05061,0.391663
1.05983,0.38499
1.06898,0.378293
1.07807,0.371574
1.08709,0.364833
1.09605,0.358071
1.10496,0.351288
1.11379,0.344487
1.12257,0.337667
1.13129,0.330829
1.13995,0.323974
1.14855,0.317103
1.15709,0.310216
1.16557,0.303313
1.17399,0.296397
1.18236,0.289467
1.19066,0.282523
1.19891,0.275567
1.20711,0.268599
1.21525,0.261619
1.22333,0.254628
1.23136,0.247627
1.23933,0.240616
1.24725,0.233595
1.25511,0.226565
1.26292,0.219527
1.27067,0.21248
1.27838,0.205426
1.28603,0.198364
1.29363,0.191296
1.30117,0.18422
1.30867,0.177139
1.31611,0.170051
1.32351,0.162958
1.33085,0.15586
1.33814,0.148756
1.34538,0.141648
1.35258,0.134536
1.35972,0.127419
1.36682,0.120299
1.37387,0.113175
1.38087,0.106047
1.38782,0.0989166
1.39473,0.0917831
1.40159,0.0846469
1.4084,0.0775082
1.41517,0.0703672
1.42189,0.0632241
1.42857,0.056079
1.43521,0.0489323
1.4418,0.041784
1.44834,0.0346344
1.45484,0.0274836
1.4613,0.0203319
1.46772,0.0131794
1.4741,0.00602632
1.48043,-0.00112717
1.48673,-0.00828086
1.49298,-0.0154345
1.49919,-0.022588
1.50537,-0.0297411
1.5115,-0.0368935
1.5176,-0.0440451
1.52365,-0.0511957
1.52967,-0.058345
1.53565,-0.0654928
1.5416,-0.072639
1.5475,-0.0797834
1.55337,-0.0869257
1.5592,-0.0940658
1.565,-0.101203
1.57076,-0.108339
1.57648,-0.115471
1.58217,-0.122601
1.58782,-0.129727
1.59344,-0.136851
1.59902,-0.143971
1.60457,-0.151088
1.61008,-0.158201
1.61556,-0.165311
1.621,-0.172418
1.62641,-0.17952
1.63179,-0.186619
1.63713,-0.193714
1.64244,-0.200805
1.64771,-0.207892
1.65296,-0.214975
1.65817,-0.222054
1.66335,-0.229128
1.66849,-0.236199
1.67361,-0.243265
1.67869,-0.250326
1.68374,-0.257383
1.68877,-0.264436
1.69376,-0.271484
1.69872,-0.278528
1.70365,-0.285567
1.70855,-0.292601
1.71341,-0.29963
1.71826,-0.306655
1.72307,-0.313674
1.72785,-0.320689
1.7326,-0.327699
1.73733,-0.334704
1.74202,-0.341704
1.74669,-0.348698
1.75133,-0.355688
1.75594,-0.362672
1.76053,-0.369651
1.76509,-0.376625
1.76962,-0.383593
1.77412,-0.390556
1.7786,-0.397513
1.78305,-0.404465
1.78748,-0.411411
1.79188,-0.418352
1.79626,-0.425287
1.80061,-0.432216
1.80493,-0.43914
1.80923,-0.446057
1.8135,-0.452969
1.81775,-0.459875
1.82198,-0.466775
1.82618,-0.473669
1.83035,-0.480556
1.83451,-0.487438
1.83864,-0.494313
1.84274,-0.501183
1.84682,-0.508046
1.85088,-0.514902
1.85492,-0.521752
1.85893,-0.528596
1.86292,-0.535434
1.86689,-0.542265
1.87084,-0.549089
1.87476,-0.555907
1.87866,-0.562718
1.88254,-0.569523
1.8864,-0.576321
1.89023,-0.583112
1.89405,-0.589897
1.89784,-0.596675
1.90161,-0.603445
1.90536,-0.610209
1.90909,-0.616967
1.9128,-0.623717
1.91648,-0.63046
1.92015,-0.637196
1.9238,-0.643926
1.92742,-0.650648
1.93103,-0.657364
1.93461,-0.664072
1.93818,-0.670773
1.94172,-0.677467
1.94525,-0.684154
1.94875,-0.690834
1.95224,-0.697507
1.9557,-0.704173
1.95915,-0.710832
1.96257,-0.717483
1.96598,-0.724128
1.96937,-0.730765
1.97274,-0.737395
1.97609,-0.744019
1.97942,-0.750635
1.98273,-0.757244
1.98603,-0.763846
1.9893,-0.770441
1.99256,-0.777028
1.9958,-0.783609
1.99902,-0.790183
2.00222,-0.796749
2.00541,-0.803309
2.00857,-0.809862
2.01172,-0.816407
2.01485,-0.822945
2.01797,-0.829476
2.02107,-0.836001
2.02415,-0.842517
2.02721,-0.849027
2.03026,-0.85553
2.03329,-0.862025
2.0363,-0.868514
2.0393,-0.874995
2.04228,-0.881469
2.04524,-0.887935
2.04818,-0.894395
2.05111,-0.900847
2.05403,-0.907292
2.05693,-0.913729
2.05981,-0.92016
2.06267,-0.926583
2.06552,-0.932999
2.06836,-0.939408
2.07117,-0.945809
2.07397,-0.952203
2.07676,-0.95859
2.07953,-0.964969
2.08229,-0.971342
2.08502,-0.977707
2.08775,-0.984065
2.09046,-0.990416
2.09315,-0.996759
2.09583,-1.0031
2.09849,-1.00942
2.10114,-1.01575
2.10377,-1.02206
2.10639,-1.02837
2.10899,-1.03467
2.11158,-1.04096
2.11416,-1.04725
2.11672,-1.05353
2.11926,-1.0598
2.12179,-1.06606
2.12431,-1.07232
2.12681,-1.07857
2.1293,-1.08482
2.13177,-1.09105
2.13423,-1.09728
2.13668,-1.1035
2.13911,-1.10972
2.14153,-1.11593
2.14393,-1.12213
2.14633,-1.12832
2.1487,-1.13451
2.15107,-1.14069
2.15342,-1.14687
2.15576,-1.15303
2.15808,-1.15919
2.16039,-1.16534
2.16269,-1.17149
2.16497,-1.17763
2.16725,-1.18376
2.16951,-1.18989
2.17175,-1.196
2.17399,-1.20212
2.17621,-1.20822
2.17842,-1.21432
2.18061,-1.22041
2.1828,-1.22649
2.18497,-1.23257
2.18713,-1.23864
2.18927,-1.2447
2.19141,-1.25076
2.19353,-1.25681
2.19564,-1.26285
2.19774,-1.26888
2.19983,-1.27491
2.2019,-1.28093
2.20397,-1.28695
2.20602,-1.29296
2.20806,-1.29896
2.21008,-1.30495
2.2121,-1.31094
2.21411,-1.31692
2.2161,-1.32289
2.21808,-1.32886
2.22005,-1.33482
2.22201,-1.34077
2.22396,-1.34672
2.2259,-1.35266
2.22782,-1.35859
2.22974,-1.36452
2.23164,-1.37044
2.23353,-1.37635
2.23541,-1.38225
2.23728,-1.38815
2.23914,-1.39404
2.24099,-1.39993
2.24283,-1.4058
2.24466,-1.41168
2.24647,-1.41754
2.24828,-1.4234
2.25007,-1.42925
2.25186,-1.43509
2.25363,-1.44093
2.25539,-1.44676
2.25715,-1.45258
2.25889,-1.4584
2.26062,-1.46421
2.26234,-1.47001
2.26405,-1.47581
2.26575,-1.4816
2.26744,-1.48739
2.26913,-1.49316
2.2708,-1.49893
2.27246,-1.5047
2.27411,-1.51045
2.27575,-1.5162
2.27738,-1.52195
2.279,-1.52769
2.28061,-1.53342
2.28221,-1.53914
2.2838,-1.54486
2.28539,-1.55057
2.28696,-1.55627
2.28852,-1.56197
2.29007,-1.56766
2.29162,-1.57335
2.29315,-1.57903
2.29468,-1.5847
2.29619,-1.59036
2.2977,-1.59602
2.29919,-1.60167
2.30068,-1.60732
2.30216,-1.61296
2.30363,-1.61859
2.30509,-1.62421
2.30654,-1.62983
2.30798,-1.63545
2.30941,-1.64105
2.31083,-1.64665
2.31225,-1.65225
2.31365,-1.65783
2.31505,-1.66341
2.31643,-1.66899
2.31781,-1.67455
2.31918,-1.68011
2.32054,-1.68567
2.32189,-1.69122
2.32323,-1.69676
2.32456,-1.70229
2.32589,-1.70782
2.3272,-1.71334
2.32851,-1.71886
2.32981,-1.72437
2.3311,-1.72987
2.33238,-1.73537
2.33365,-1.74086
2.33492,-1.74635
2.33617,-1.75183
2.33742,-1.7573
2.33866,-1.76276
2.33989,-1.76822
2.34111,-1.77368
2.34233,-1.77912
2.34353,-1.78456
2.34473,-1.79
2.34592,-1.79543
2.3471,-1.80085
2.34827,-1.80627
2.34944,-1.81168
2.3506,-1.81708
2.35174,-1.82248
2.35289,-1.82787
2.35402,-1.83325
2.35514,-1.83863
2.35626,-1.84401
2.35737,-1.84937
2.35847,-1.85473
2.35956,-1.86009
2.36065,-1.86544
2.36173,-1.87078
2.3628,-1.87612
2.36386,-1.88145
2.36492,-1.88677
2.36597,-1.89209
2.36701,-1.8974
2.36804,-1.90271
2.36906,-1.90801
2.37008,-1.91331
2.37109,-1.91859
2.37209,-1.92388
2.37309,-1.92915
2.37408,-1.93442
2.37506,-1.93969
2.37603,-1.94495
2.377,-1.9502
2.37796,-1.95545
2.37891,-1.96069
2.37985,-1.96592
2.38079,-1.97115
2.38172,-1.97637
2.38264,-1.98159
2.38356,-1.9868
2.38447,-1.99201
2.38537,-1.9972
2.38626,-2.0024
2.38715,-2.00758
2.38803,-2.01277
2.38891,-2.01794
2.38977,-2.02311
2.39063,-2.02827
2.39149,-2.03343
2.39233,-2.03858
2.39317,-2.04373
2.394,-2.04887
2.39483,-2.054
2.39565,-2.05913
2.39646,-2.06425
2.39726,-2.06937
2.39806,-2.07448
2.39885,-2.07959
2.39964,-2.08469
2.40042,-2.08978
2.40119,-2.09487
2.40195,-2.09995
2.40271,-2.10503
2.40347,-2.1101
2.40421,-2.11516
2.40495,-2.12022
2.40568,-2.12527
2.40641,-2.13032
2.40713,-2.13536
2.40784,-2.1404
2.40855,-2.14543
2.40925,-2.15045
2.40994,-2.15547
2.41063,-2.16049
2.41131,-2.16549
2.41199,-2.1705
2.41266,-2.17549
2.41332,-2.18048
2.41397,-2.18547
2.41462,-2.19045
2.41527,-2.19542
2.41591,-2.20039
2.41654,-2.20535
2.41716,-2.21031
2.41778,-2.21526
2.41839,-2.2202
2.419,-2.22514
2.4196,-2.23008
2.4202,-2.23501
2.42079,-2.23993
2.42137,-2.24485
2.42194,-2.24976
2.42251,-2.25466
2.42308,-2.25956
2.42364,-2.26446
2.42419,-2.26935
2.42474,-2.27423
2.42528,-2.27911
2.42581,-2.28398
2.42634,-2.28885
2.42686,-2.29371
2.42738,-2.29857
2.42789,-2.30342
2.4284,-2.30826
2.4289,-2.3131
2.42939,-2.31794
2.42988,-2.32276
2.43036,-2.32759
2.43084,-2.33241
2.43131,-2.33722
2.43178,-2.34202
2.43224,-2.34683
2.43269,-2.35162
2.43314,-2.35641
2.43358,-2.3612
2.43402,-2.36598
2.43445,-2.37075
2.43488,-2.37552
2.4353,-2.38029
2.43571,-2.38504
2.43612,-2.3898
2.43653,-2.39454
2.43692,-2.39929
2.43732,-2.40402
2.43771,-2.40876
2.43809,-2.41348
2.43847,-2.4182
2.43884,-2.42292
2.4392,-2.42763
2.43956,-2.43234
2.43992,-2.43704
2.44027,-2.44173
2.44062,-2.44642
2.44096,-2.4511
2.44129,-2.45578
2.44162,-2.46046
2.44194,-2.46512
2.44226,-2.46979
2.44258,-2.47445
2.44289,-2.4791
2.44319,-2.48375
2.44349,-2.48839
2.44378,-2.49303
2.44407,-2.49766
2.44435,-2.50228
2.44463,-2.50691
2.4449,-2.51152
2.44517,-2.51613
2.44543,-2.52074
2.44569,-2.52534
2.44594,-2.52993
2.44619,-2.53452
2.44644,-2.53911
2.44667,-2.54369
2.44691,-2.54826
2.44713,-2.55283
2.44736,-2.5574
2.44758,-2.56196
2.44779,-2.56651
2.448,-2.57106
2.4482,-2.5756
2.4484,-2.58014
2.44859,-2.58468
2.44878,-2.58921
2.44897,-2.59373
2.44915,-2.59825
2.44932,-2.60276
2.44949,-2.60727
2.44966,-2.61177
2.44982,-2.61627
2.44997,-2.62076
2.45012,-2.62525
2.45027,-2.62973
2.45041,-2.63421
2.45055,-2.63869
2.45068,-2.64315
2.45081,-2.64762
2.45093,-2.65207
2.45105,-2.65653
2.45116,-2.66097
2.45127,-2.66542
2.45138,-2.66986
2.45148,-2.67429
2.45157,-2.67872
2.45166,-2.68314
2.45175,-2.68756
2.45183,-2.69197
2.45191,-2.69638
2.45198,-2.70078
2.45205,-2.70518
2.45211,-2.70957
2.45217,-2.71396
2.45223,-2.71834
2.45228,-2.72272
2.45232,-2.72709
2.45236,-2.73146
2.4524,-2.73582
2.45243,-2.74018
2.45246,-2.74453
2.45249,-2.74888
2.45251,-2.75323
2.45252,-2.75756
2.45253,-2.7619
2.45254,-2.76623
2.45254,-2.77055
2.45254,-2.77487
2.45253,-2.77918
2.45252,-2.78349
2.4525,-2.7878
2.45248,-2.79209
2.45246,-2.79639
2.45243,-2.80068
2.4524,-2.80496
2.45236,-2.80924
2.45232,-2.81352
2.45228,-2.81779
2.45223,-2.82205
2.45217,-2.82631
2.45212,-2.83057
2.45205,-2.83482
2.45199,-2.83907
2.45192,-2.84331
2.45184,-2.84754
2.45177,-2.85178
2.45168,-2.856
2.4516,-2.86023
2.45151,-2.86444
2.45141,-2.86866
2.45131,-2.87286
2.45121,-2.87707
2.4511,-2.88127
2.45099,-2.88546
2.45087,-2.88965
2.45076,-2.89383
2.45063,-2.89801
2.4505,-2.90219
2.45037,-2.90636
2.45024,-2.91052
2.4501,-2.91468
2.44996,-2.91884
2.44981,-2.92299
2.44966,-2.92714
2.4495,-2.93128
2.44934,-2.93542
2.44918,-2.93955
2.44901,-2.94368
2.44884,-2.9478
2.44867,-2.95192
2.44849,-2.95603
2.44831,-2.96014
2.44812,-2.96425
2.44793,-2.96835
2.44774,-2.97244
2.44754,-2.97653
2.44734,-2.98062
2.44714,-2.9847
2.44693,-2.98878
2.44672,-2.99285
2.4465,-2.99692
2.44628,-3.00098
2.44606,-3.00504
2.44583,-3.00909
2.4456,-3.01314
2.44536,-3.01719
2.44512,-3.02123
2.44488,-3.02526
2.44464,-3.02929
2.44439,-3.03332
2.44413,-3.03734
2.44388,-3.04136
2.44361,-3.04537
2.44335,-3.04938
2.44308,-3.05338
2.44281,-3.05738
2.44254,-3.06138
2.44226,-3.06537
2.44197,-3.06935
2.44169,-3.07333
2.4414,-3.07731
2.4411,-3.08128
2.44081,-3.08525
2.44051,-3.08921
2.4402,-3.09317
2.4399,-3.09712
2.43958,-3.10107
2.43927,-3.10502
2.43895,-3.10896
2.43863,-3.1129
2.43831,-3.11683
2.43798,-3.12075
2.43764,-3.12468
2.43731,-3.12859
2.43697,-3.13251
2.43663,-3.13642
2.43628,-3.14032
2.43593,-3.14422
2.43558,-3.14812
2.43522,-3.15201
2.43486,-3.15589
2.4345,-3.15978
2.43413,-3.16365
2.43376,-3.16753
2.43339,-3.1714
2.43301,-3.17526
2.43263,-3.17912
2.43225,-3.18298
2.43186,-3.18683
2.43147,-3.19067
2.43108,-3.19452
2.43068,-3.19835
2.43028,-3.20219
2.42988,-3.20602
2.42947,-3.20984
2.42906,-3.21366
2.42865,-3.21748
2.42823,-3.22129
2.42781,-3.2251
2.42739,-3.2289
2.42696,-3.2327
2.42653,-3.23649
2.4261,-3.24028
2.42566,-3.24407
2.42522,-3.24785
2.42478,-3.25162
2.42433,-3.25539
2.42388,-3.25916
2.42343,-3.26293
2.42297,-3.26668
2.42251,-3.27044
2.42205,-3.27419
2.42158,-3.27794
2.42111,-3.28168
2.42064,-3.28541
2.42017,-3.28915
2.41969,-3.29288
2.41921,-3.2966
2.41872,-3.30032
2.41823,-3.30404
2.41774,-3.30775
2.41725,-3.31146
2.41675,-3.31516
2.41625,-3.31886
2.41575,-3.32255
2.41524,-3.32624
2.41473,-3.32993
2.41422,-3.33361
2.4137,-3.33729
2.41318,-3.34096
2.41266,-3.34463
2.41213,-3.3483
2.4116,-3.35196
2.41107,-3.35561
2.41054,-3.35927
2.41,-3.36291
2.40946,-3.36656
2.40892,-3.3702
2.40837,-3.37383
2.40782,-3.37746
2.40727,-3.38109
2.40671,-3.38471
2.40615,-3.38833
2.40559,-3.39194
2.40503,-3.39555
2.40446,-3.39916
2.40389,-3.40276
2.40332,-3.40636
2.40274,-3.40995
2.40216,-3.41354
2.40158,-3.41713
2.40099,-3.42071
2.40041,-3.42428
2.39982,-3.42786
2.39922,-3.43143
2.39862,-3.43499
2.39803,-3.43855
2.39742,-3.4421
2.39682,-3.44566
2.39621,-3.4492
2.3956,-3.45275
2.39498,-3.45629
2.39437,-3.45982
2.39375,-3.46335
2.39312,-3.46688
2.3925,-3.4704
2.39187,-3.47392
2.39124,-3.47743
2.39061,-3.48094
2.38997,-3.48445
2.38933,-3.48795
2.38869,-3.49145
2.38804,-3.49494
2.38739,-3.49843
2.38674,-3.50192
2.38609,-3.5054
2.38543,-3.50888
2.38477,-3.51235
2.38411,-3.51582
2.38345,-3.51929
2.38278,-3.52275
2.38211,-3.52621
2.38144,-3.52966
2.38076,-3.53311
2.38008,-3.53655
2.3794,-3.53999
2.37872,-3.54343
2.37803,-3.54686
2.37734,-3.55029
2.37665,-3.55371
2.37595,-3.55714
2.37526,-3.56055
2.37456,-3.56396
2.37385,-3.56737
2.37315,-3.57078
2.37244,-3.57418
2.37173,-3.57757
2.37102,-3.58096
2.3703,-3.58435
2.36958,-3.58774
2.36886,-3.59112
2.36814,-3.59449
2.36741,-3.59786
2.36668,-3.60123
2.36595,-3.6046
2.36521,-3.60796
2.36447,-3.61131
2.36373,-3.61466
2.36299,-3.61801
2.36225,-3.62135
2.3615,-3.62469
2.36075,-3.62803
2.36,-3.63136
2.35924,-3.63469
2.35848,-3.63801
2.35772,-3.64133
2.35696,-3.64465
2.35619,-3.64796
2.35542,-3.65127
2.35465,-3.65457
2.35388,-3.65787
2.3531,-3.66117
2.35232,-3.66446
2.35154,-3.66775
2.35076,-3.67103
2.34997,-3.67431
2.34918,-3.67759
2.34839,-3.68086
2.3476,-3.68413
2.3468,-3.68739
2.346,-3.69065
2.3452,-3.69391
2.3444,-3.69716
2.34359,-3.70041
2.34278,-3.70366
2.34197,-3.7069
2.34116,-3.71013
2.34034,-3.71337
2.33952,-3.7166
2.3387,-3.71982
2.33787,-3.72304
2.33705,-3.72626
2.33622,-3.72947
2.33539,-3.73268
2.33455,-3.73589
2.33372,-3.73909
2.33288,-3.74229
2.33204,-3.74548
2.3312,-3.74867
2.33035,-3.75186
2.3295,-3.75504
2.32865,-3.75822
2.3278,-3.76139
2.32694,-3.76457
2.32609,-3.76773
2.32523,-3.7709
2.32436,-3.77406
2.3235,-3.77721
2.32263,-3.78036
2.32176,-3.78351
2.32089,-3.78665
2.32002,-3.78979
2.31914,-3.79293
2.31826,-3.79606
2.31738,-3.79919
2.3165,-3.80232
2.31561,-3.80544
2.31472,-3.80855
2.31383,-3.81167
2.31294,-3.81478
2.31204,-3.81788
2.31115,-3.82098
2.31025,-3.82408
2.30934,-3.82717
2.30844,-3.83027
2.30753,-3.83335
2.30662,-3.83643
2.30571,-3.83951
2.3048,-3.84259
2.30388,-3.84566
2.30297,-3.84873
2.30205,-3.85179
2.30112,-3.85485
2.3002,-3.85791
2.29927,-3.86096
2.29834,-3.86401
2.29741,-3.86705
2.29648,-3.87009
2.29554,-3.87313
2.2946,-3.87616
2.29366,-3.87919
2.29272,-3.88222
2.29177,-3.88524
2.29083,-3.88826
2.28988,-3.89127
2.28892,-3.89428
2.28797,-3.89729
2.28701,-3.90029
2.28606,-3.90329
2.2851,-3.90629
2.28413,-3.90928
2.28317,-3.91227
2.2822,-3.91525
2.28123,-3.91823
2.28026,-3.92121
2.27929,-3.92418
2.27831,-3.92715
2.27733,-3.93012
2.27635,-3.93308
2.27537,-3.93604
2.27439,-3.93899
2.2734,-3.94194
2.27241,-3.94489
2.27142,-3.94783
2.27043,-3.95077
2.26943,-3.95371
2.26844,-3.95664
2.26744,-3.95957
2.26644,-3.96249
2.26543,-3.96541
2.26443,-3.96833
2.26342,-3.97124
2.26241,-3.97415
2.2614,-3.97706
2.26038,-3.97996
2.25937,-3.98286
2.25835,-3.98576
2.25733,-3.98865
2.2563,-3.99153
2.25528,-3.99442
2.25425,-3.9973
2.25322,-4.00017
2.25219,-4.00305
2.25116,-4.00592
2.25012,-4.00878
2.24909,-4.01164
2.24805,-4.0145
2.24701,-4.01735
2.24596,-4.0202
2.24492,-4.02305
2.24387,-4.0259
2.24282,-4.02873
2.24177,-4.03157
2.24072,-4.0344
2.23966,-4.03723
2.2386,-4.04006
2.23754,-4.04288
2.23648,-4.0457
2.23542,-4.04851
2.23435,-4.05132
2.23328,-4.05413
2.23221,-4.05693
2.23114,-4.05973
2.23007,-4.06253
2.22899,-4.06532
2.22792,-4.06811
2.22684,-4.07089
2.22575,-4.07367
2.22467,-4.07645
2.22358,-4.07922
2.2225,-4.08199
2.22141,-4.08476
2.22032,-4.08753
2.21922,-4.09028
2.21813,-4.09304
2.21703,-4.09579
2.21593,-4.09854
2.21483,-4.10129
2.21373,-4.10403
2.21262,-4.10677
2.21151,-4.1095
2.2104,-4.11223
2.20929,-4.11496
2.20818,-4.11768
2.20707,-4.1204
2.20595,-4.12312
2.20483,-4.12583
2.20371,-4.12854
2.20259,-4.13125
2.20146,-4.13395
2.20034,-4.13665
2.19921,-4.13934
2.19808,-4.14203
2.19695,-4.14472
2.19581,-4.14741
2.19468,-4.15009
2.19354,-4.15276
2.1924,-4.15544
2.19126,-4.15811
2.19011,-4.16077
2.18897,-4.16344
2.18782,-4.1661
2.18667,-4.16875
2.18552,-4.1714
2.18437,-4.17405
2.18322,-4.1767
2.18206,-4.17934
2.1809,-4.18198
2.17974,-4.18461
2.17858,-4.18724
2.17742,-4.18987
2.17625,-4.19249
2.17508,-4.19511
2.17391,-4.19773
2.17274,-4.20034
2.17157,-4.20295
2.1704,-4.20556
2.16922,-4.20816
2.16804,-4.21076
2.16686,-4.21336
2.16568,-4.21595
2.1645,-4.21854
2.16331,-4.22112
2.16212,-4.2237
2.16093,-4.22628
2.15974,-4.22886
2.15855,-4.23143
2.15736,-4.23399
2.15616,-4.23656
2.15496,-4.23912
2.15376,-4.24167
2.15256,-4.24423
2.15136,-4.24678
2.15015,-4.24932
2.14894,-4.25187
2.14774,-4.2544
2.14652,-4.25694
2.14531,-4.25947
2.1441,-4.262
2.14288,-4.26453
2.14167,-4.26705
2.14045,-4.26957
2.13923,-4.27208
2.138,-4.27459
2.13678,-4.2771
2.13555,-4.2796
2.13432,-4.2821
2.13309,-4.2846
2.13186,-4.28709
2.13063,-4.28958
2.12939,-4.29207
2.12816,-4.29455
2.12692,-4.29703
2.12568,-4.29951
2.12444,-4.30198
2.12319,-4.30445
2.12195,-4.30692
2.1207,-4.30938
2.11945,-4.31184
2.1182,-4.31429
2.11695,-4.31675
2.1157,-4.31919
2.11444,-4.32164
2.11318,-4.32408
2.11192,-4.32652
2.11066,-4.32895
2.1094,-4.33139
2.10814,-4.33381
2.10687,-4.33624
2.1056,-4.33866
2.10433,-4.34108
2.10306,-4.34349
2.10179,-4.3459
2.10052,-4.34831
2.09924,-4.35071
2.09796,-4.35311
2.09669,-4.35551
2.09541,-4.3579
2.09412,-4.36029
2.09284,-4.36268
2.09155,-4.36506
2.09027,-4.36744
2.08898,-4.36982
2.08769,-4.37219
2.0864,-4.37456
2.0851,-4.37693
2.08381,-4.37929
2.08251,-4.38165
2.08121,-4.384
2.07991,-4.38636
2.07861,-4.38871
2.07731,-4.39105
2.076,-4.39339
2.07469,-4.39573
2.07339,-4.39807
2.07208,-4.4004
2.07076,-4.40273
2.06945,-4.40505
2.06814,-4.40737
2.06682,-4.40969
2.0655,-4.41201
2.06418,-4.41432
2.06286,-4.41663
2.06154,-4.41893
2.06022,-4.42123
2.05889,-4.42353
2.05756,-4.42583
2.05623,-4.42812
2.0549,-4.43041
2.05357,-4.43269
2.05224,-4.43497
2.0509,-4.43725
2.04957,-4.43952
2.04823,-4.44179
2.04689,-4.44406
2.04555,-4.44633
2.0442,-4.44859
2.04286,-4.45084
2.04151,-4.4531
2.04017,-4.45535
2.03882,-4.4576
2.03747,-4.45984
2.03611,-4.46208
2.03476,-4.46432
2.0334,-4.46655
2.03205,-4.46878
2.03069,-4.47101
2.02933,-4.47323
2.02797,-4.47545
2.02661,-4.47767
2.02524,-4.47988
2.02388,-4.48209
2.02251,-4.4843
2.02114,-4.4865
2.01977,-4.48871
2.0184,-4.4909
2.01702,-4.4931
2.01565,-4.49529
2.01427,-4.49747
2.0129,-4.49966
2.01152,-4.50184
2.01014,-4.50401
2.00875,-4.50619
2.00737,-4.50836
2.00598,-4.51052
2.0046,-4.51269
2.00321,-4.51485
2.00182,-4.517
2.00043,-4.51916
1.99904,-4.52131
1.99764,-4.52345
1.99625,-4.5256
1.99485,-4.52774
1.99345,-4.52987
1.99205,-4.53201
1.99065,-4.53414
1.98925,-4.53626
1.98784,-4.53839
1.98643,-4.54051
1.98503,-4.54262
1.98362,-4.54473
1.98221,-4.54684
1.9808,-4.54895
1.97938,-4.55105
1.97797,-4.55315
1.97655,-4.55525
1.97514,-4.55734
1.97372,-4.55943
1.9723,-4.56152
1.97087,-4.5636
1.96945,-4.56569
1.96803,-4.56776
1.9666,-4.56984
1.96517,-4.57191
1.96374,-4.57397
1.96231,-4.57604
1.96088,-4.5781
1.95945,-4.58015
1.95801,-4.58221
1.95658,-4.58426
1.95514,-4.5863
1.9537,-4.58835
1.95226,-4.59039
1.95082,-4.59243
1.94938,-4.59446
1.94793,-4.59649
1.94649,-4.59852
1.94504,-4.60054
1.94359,-4.60256
1.94214,-4.60458
1.94069,-4.6066
1.93924,-4.60861
1.93778,-4.61061
1.93633,-4.61262
1.93487,-4.61462
1.93341,-4.61662
1.93195,-4.61861
1.93049,-4.6206
1.92903,-4.62259
1.92757,-4.62458
1.9261,-4.62656
1.92463,-4.62854
1.92317,-4.63051
1.9217,-4.63248
1.92023,-4.63445
1.91875,-4.63642
1.91728,-4.63838
1.91581,-4.64034
1.91433,-4.64229
1.91285,-4.64424
1.91138,-4.64619
1.9099,-4.64814
1.90841,-4.65008
1.90693,-4.65202
1.90545,-4.65396
1.90396,-4.65589
1.90248,-4.65782
1.90099,-4.65974
1.8995,-4.66167
1.89801,-4.66359
1.89652,-4.6655
1.89502,-4.66742
1.89353,-4.66933
1.89203,-4.67123
1.89054,-4.67314
1.88904,-4.67504
1.88754,-4.67693
1.88604,-4.67883
1.88453,-4.68072
1.88303,-4.6826
1.88153,-4.68449
1.88002,-4.68637
1.87851,-4.68825
1.877,-4.69012
1.87549,-4.69199
1.87398,-4.69386
1.87247,-4.69572
1.87096,-4.69758
1.86944,-4.69944
1.86792,-4.7013
1.86641,-4.70315
1.86489,-4.705
1.86337,-4.70684
1.86184,-4.70868
1.86032,-4.71052
1.8588,-4.71236
1.85727,-4.71419
1.85575,-4.71602
1.85422,-4.71784
1.85269,-4.71967
1.85116,-4.72149
1.84963,-4.7233
1.84809,-4.72511
1.84656,-4.72692
1.84502,-4.72873
1.84349,-4.73053
1.84195,-4.73233
1.84041,-4.73413
1.83887,-4.73592
1.83733,-4.73771
1.83578,-4.7395
1.83424,-4.74128
1.83269,-4.74306
1.83115,-4.74484
1.8296,-4.74661
1.82805,-4.74839
1.8265,-4.75015
1.82495,-4.75192
1.82339,-4.75368
1.82184,-4.75544
1.82029,-4.75719
1.81873,-4.75894
1.81717,-4.76069
1.81561,-4.76244
1.81405,-4.76418
1.81249,-4.76592
1.81093,-4.76765
1.80936,-4.76938
1.8078,-4.77111
1.80623,-4.77284
1.80466,-4.77456
1.80309,-4.77628
1.80152,-4.778
1.79995,-4.77971
1.79838,-4.78142
1.79681,-4.78313
1.79523,-4.78483
1.79366,-4.78653
1.79208,-4.78823
1.7905,-4.78992
1.78892,-4.79161
1.78734,-4.7933
1.78576,-4.79499
1.78417,-4.79667
1.78259,-4.79834
1.781,-4.80002
1.77942,-4.80169
1.77783,-4.80336
1.77624,-4.80503
1.77465,-4.80669
1.77306,-4.80835
1.77147,-4.81
1.76987,-4.81165
1.76828,-4.8133
1.76668,-4.81495
1.76508,-4.81659
1.76349,-4.81823
1.76189,-4.81987
1.76029,-4.8215
1.75868,-4.82313
1.75708,-4.82476
1.75548,-4.82639
1.75387,-4.82801
1.75226,-4.82962
1.75066,-4.83124
1.74905,-4.83285
1.74744,-4.83446
1.74583,-4.83606
1.74421,-4.83767
1.7426,-4.83926
1.74099,-4.84086
1.73937,-4.84245
1.73775,-4.84404
1.73614,-4.84563
1.73452,-4.84721
1.7329,-4.84879
1.73128,-4.85037
1.72965,-4.85194
1.72803,-4.85351
1.72641,-4.85508
1.72478,-4.85664
1.72315,-4.8582
1.72152,-4.85976
1.7199,-4.86131
1.71827,-4.86287
1.71663,-4.86441
1.715,-4.86596
1.71337,-4.8675
1.71173,-4.86904
1.7101,-4.87058
1.70846,-4.87211
1.70682,-4.87364
1.70518,-4.87516
1.70354,-4.87669
1.7019,-4.87821
1.70026,-4.87972
1.69862,-4.88124
1.69697,-4.88275
1.69533,-4.88425
1.69368,-4.88576
1.69203,-4.88726
1.69038,-4.88876
1.68873,-4.89025
1.68708,-4.89174
1.68543,-4.89323
1.68378,-4.89472
1.68212,-4.8962
1.68047,-4.89768
1.67881,-4.89915
1.67715,-4.90063
1.67549,-4.9021
1.67383,-4.90356
1.67217,-4.90502
1.67051,-4.90649
1.66885,-4.90794
1.66718,-4.9094
1.66552,-4.91085
1.66385,-4.91229
1.66219,-4.91374
1.66052,-4.91518
1.65885,-4.91662
1.65718,-4.91805
1.65551,-4.91948
1.65384,-4.92091
1.65216,-4.92234
1.65049,-4.92376
1.64881,-4.92518
1.64714,-4.9266
1.64546,-4.92801
1.64378,-4.92942
1.6421,-4.93082
1.64042,-4.93223
1.63874,-4.93363
1.63705,-4.93503
1.63537,-4.93642
1.63368,-4.93781
1.632,-4.9392
1.63031,-4.94058
1.62862,-4.94197
1.62693,-4.94334
1.62524,-4.94472
1.62355,-4.94609
1.62186,-4.94746
1.62017,-4.94883
1.61847,-4.95019
1.61678,-4.95155
1.61508,-4.95291
1.61338,-4.95426
1.61169,-4.95561
1.60999,-4.95696
1.60829,-4.9583
1.60659,-4.95964
1.60488,-4.96098
1.60318,-4.96232
1.60148,-4.96365
1.59977,-4.96498
1.59806,-4.9663
1.59636,-4.96762
1.59465,-4.96894
1.59294,-4.97026
1.59123,-4.97157
1.58952,-4.97288
1.5878,-4.97419
1.58609,-4.97549
1.58438,-4.97679
1.58266,-4.97809
1.58095,-4.97939
1.57923,-4.98068
1.57751,-4.98197
1.57579,-4.98325
1.57407,-4.98453
1.57235,-4.98581
1.57063,-4.98709
1.5689,-4.98836
1.56718,-4.98963
1.56545,-4.9909
1.56373,-4.99216
1.562,-4.99342
1.56027,-4.99468
1.55854,-4.99593
1.55681,-4.99718
1.55508,-4.99843
1.55335,-4.99968
1.55162,-5.00092
1.54989,-5.00216
1.54815,-5.00339
1.54642,-5.00462
1.54468,-5.00585
1.54294,-5.00708
1.5412,-5.0083
1.53946,-5.00952
1.53772,-5.01074
1.53598,-5.01195
1.53424,-5.01317
1.5325,-5.01437
1.53075,-5.01558
1.52901,-5.01678
1.52726,-5.01798
1.52551,-5.01917
1.52376,-5.02037
1.52202,-5.02155
1.52027,-5.02274
1.51852,-5.02392
1.51676,-5.0251
1.51501,-5.02628
1.51326,-5.02745
1.5115,-5.02862
1.50975,-5.02979
1.50799,-5.03096
1.50623,-5.03212
1.50448,-5.03328
1.50272,-5.03443
1.50096,-5.03558
1.4992,-5.03673
1.49743,-5.03788
1.49567,-5.03902
1.49391,-5.04016
1.49214,-5.0413
1.49038,-5.04243
1.48861,-5.04356
1.48684,-5.04469
1.48508,-5.04581
1.48331,-5.04693
1.48154,-5.04805
1.47977,-5.04917
1.47799,-5.05028
1.47622,-5.05139
1.47445,-5.05249
1.47267,-5.05359
1.4709,-5.05469
1.46912,-5.05579
1.46734,-5.05688
1.46557,-5.05797
1.46379,-5.05906
1.46201,-5.06014
1.46023,-5.06123
1.45844,-5.0623
1.45666,-5.06338
1.45488,-5.06445
1.45309,-5.06552
1.45131,-5.06658
1.44952,-5.06765
1.44774,-5.06871
1.44595,-5.06976
1.44416,-5.07081
1.44237,-5.07186
1.44058,-5.07291
1.43879,-5.07396
1.437,-5.075
1.4352,-5.07603
1.43341,-5.07707
1.43161,-5.0781
1.42982,-5.07913
1.42802,-5.08015
1.42622,-5.08118
1.42443,-5.0822
1.42263,-5.08321
1.42083,-5.08422
1.41903,-5.08523
1.41722,-5.08624
1.41542,-5.08725
1.41362,-5.08825
1.41181,-5.08924
1.41001,-5.09024
1.4082,-5.09123
1.40639,-5.09222
1.40459,-5.0932
1.40278,-5.09419
1.40097,-5.09517
1.39916,-5.09614
1.39735,-5.09712
1.39554,-5.09809
1.39372,-5.09905
1.39191,-5.10002
1.39009,-5.10098
1.38828,-5.10194
1.38646,-5.10289
1.38465,-5.10384
1.38283,-5.10479
1.38101,-5.10574
1.37919,-5.10668
1.37737,-5.10762
1.37555,-5.10855
1.37373,-5.10949
1.3719,-5.11042
1.37008,-5.11135
1.36826,-5.11227
1.36643,-5.11319
1.3646,-5.11411
1.36278,-5.11502
1.36095,-5.11593
1.35912,-5.11684
1.35729,-5.11775
1.35546,-5.11865
1.35363,-5.11955
1.3518,-5.12045
1.34997,-5.12134
1.34813,-5.12223
1.3463,-5.12312
1.34446,-5.124
1.34263,-5.12488
1.34079,-5.12576
1.33895,-5.12664
1.33712,-5.12751
1.33528,-5.12838
1.33344,-5.12924
1.3316,-5.13011
1.32976,-5.13097
1.32791,-5.13182
1.32607,-5.13268
1.32423,-5.13353
1.32238,-5.13437
1.32054,-5.13522
1.31869,-5.13606
1.31684,-5.1369
1.315,-5.13773
1.31315,-5.13857
1.3113,-5.1394
1.30945,-5.14022
1.3076,-5.14104
1.30575,-5.14186
1.3039,-5.14268
1.30204,-5.14349
1.30019,-5.14431
1.29833,-5.14511
1.29648,-5.14592
1.29462,-5.14672
1.29277,-5.14752
1.29091,-5.14831
1.28905,-5.1491
1.28719,-5.14989
1.28533,-5.15068
1.28347,-5.15146
1.28161,-5.15224
1.27975,-5.15302
1.27788,-5.15379
1.27602,-5.15456
1.27415,-5.15533
1.27229,-5.1561
1.27042,-5.15686
1.26856,-5.15762
1.26669,-5.15837
1.26482,-5.15912
1.26295,-5.15987
1.26108,-5.16062
1.25921,-5.16136
1.25734,-5.1621
1.25547,-5.16284
1.2536,-5.16357
1.25172,-5.1643
1.24985,-5.16503
1.24797,-5.16576
1.2461,-5.16648
1.24422,-5.1672
1.24234,-5.16791
1.24047,-5.16862
1.23859,-5.16933
1.23671,-5.17004
1.23483,-5.17074
1.23295,-5.17144
1.23106,-5.17214
1.22918,-5.17283
1.2273,-5.17352
1.22542,-5.17421
1.22353,-5.1749
1.22165,-5.17558
1.21976,-5.17626
1.21787,-5.17693
1.21599,-5.17761
1.2141,-5.17828
1.21221,-5.17894
1.21032,-5.17961
1.20843,-5.18027
1.20654,-5.18092
1.20465,-5.18158
1.20275,-5.18223
1.20086,-5.18288
1.19897,-5.18352
1.19707,-5.18416
1.19518,-5.1848
1.19328,-5.18544
1.19138,-5.18607
1.18949,-5.1867
1.18759,-5.18733
1.18569,-5.18795
1.18379,-5.18857
1.18189,-5.18919
1.17999,-5.1898
1.17809,-5.19042
1.17619,-5.19102
1.17428,-5.19163
1.17238,-5.19223
1.17047,-5.19283
1.16857,-5.19343
1.16666,-5.19402
1.16476,-5.19461
1.16285,-5.1952
1.16094,-5.19578
1.15903,-5.19636
1.15713,-5.19694
1.15522,-5.19751
1.1533,-5.19809
1.15139,-5.19865
1.14948,-5.19922
1.14757,-5.19978
1.14566,-5.20034
1.14374,-5.2009
1.14183,-5.20145
1.13991,-5.202
1.138,-5.20255
1.13608,-5.20309
1.13416,-5.20363
1.13225,-5.20417
1.13033,-5.20471
1.12841,-5.20524
1.12649,-5.20577
1.12457,-5.20629
1.12265,-5.20681
1.12072,-5.20733
1.1188,-5.20785
1.11688,-5.20836
1.11495,-5.20887
1.11303,-5.20938
1.11111,-5.20989
1.10918,-5.21039
1.10725,-5.21088
1.10533,-5.21138
1.1034,-5.21187
1.10147,-5.21236
1.09954,-5.21285
1.09761,-5.21333
1.09568,-5.21381
1.09375,-5.21428
1.09182,-5.21476
1.08989,-5.21523
1.08795,-5.2157
1.08602,-5.21616
1.08409,-5.21662
1.08215,-5.21708
1.08022,-5.21753
1.07828,-5.21799
1.07634,-5.21844
1.07441,-5.21888
1.07247,-5.21932
1.07053,-5.21976
1.06859,-5.2202
1.06665,-5.22063
1.06471,-5.22106
1.06277,-5.22149
1.06083,-5.22192
1.05889,-5.22234
1.05694,-5.22276
1.055,-5.22317
1.05306,-5.22358
1.05111,-5.22399
1.04917,-5.2244
1.04722,-5.2248
1.04527,-5.2252
1.04333,-5.2256
1.04138,-5.22599
1.03943,-5.22638
1.03748,-5.22677
1.03553,-5.22715
1.03358,-5.22753
1.03163,-5.22791
1.02968,-5.22829
1.02773,-5.22866
1.02577,-5.22903
1.02382,-5.22939
1.02187,-5.22975
1.01991,-5.23011
1.01796,-5.23047
1.016,-5.23082
1.01405,-5.23117
1.01209,-5.23152
1.01013,-5.23187
1.00817,-5.23221
1.00621,-5.23255
1.00426,-5.23288
1.0023,-5.23321
1.00034,-5.23354
0.998374,-5.23387
0.996413,-5.23419
0.994451,-5.23451
0.992488,-5.23483
0.990524,-5.23514
0.988561,-5.23545
0.986596,-5.23576
0.984631,-5.23606
0.982665,-5.23636
0.980699,-5.23666
0.978732,-5.23696
0.976765,-5.23725
0.974797,-5.23754
0.972828,-5.23782
0.970859,-5.23811
0.96889,-5.23838
0.966919,-5.23866
0.964948,-5.23893
0.962977,-5.23921
0.961005,-5.23947
0.959033,-5.23974
0.95706,-5.24
0.955086,-5.24026
0.953112,-5.24051
0.951137,-5.24076
0.949162,-5.24101
0.947186,-5.24126
0.945209,-5.2415
0.943232,-5.24174
0.941255,-5.24198
0.939277,-5.24221
0.937298,-5.24244
0.935319,-5.24267
0.933339,-5.24289
0.931359,-5.24311
0.929378,-5.24333
0.927397,-5.24354
0.925415,-5.24376
0.923432,-5.24397
0.921449,-5.24417
0.919466,-5.24437
0.917482,-5.24457
0.915497,-5.24477
0.913512,-5.24496
0.911526,-5.24515
0.90954,-5.24534
0.907553,-5.24552
0.905566,-5.2457
0.903578,-5.24588
0.90159,-5.24606
0.899601,-5.24623
0.897612,-5.2464
0.895622,-5.24656
0.893631,-5.24672
0.89164,-5.24688
0.889649,-5.24704
0.887657,-5.24719
0.885665,-5.24734
0.883672,-5.24749
0.881678,-5.24763
0.879684,-5.24777
0.877689,-5.24791
0.875694,-5.24805
0.873699,-5.24818
0.871703,-5.24831
0.869706,-5.24843
0.867709,-5.24855
0.865711,-5.24867
0.863713,-5.24879
0.861714,-5.2489
0.859715,-5.24901
0.857716,-5.24912
0.855715,-5.24922
0.853715,-5.24932
0.851714,-5.24942
0.849712,-5.24951
0.84771,-5.2496
0.845707,-5.24969
0.843704,-5.24977
0.8417,-5.24986
0.839696,-5.24993
0.837691,-5.25001
0.835686,-5.25008
0.833681,-5.25015
0.831674,-5.25022
0.829668,-5.25028
0.827661,-5.25034
0.825653,-5.2504
0.823645,-5.25045
0.821636,-5.2505
0.819627,-5.25055
0.817618,-5.25059
0.815608,-5.25063
0.813597,-5.25067
0.811586,-5.2507
0.809574,-5.25074
0.807562,-5.25076
0.80555,-5.25079
0.803537,-5.25081
0.801523,-5.25083
0.79951,-5.25085
0.797495,-5.25086
0.79548,-5.25087
0.793465,-5.25088
0.791449,-5.25088
0.789433,-5.25088
0.787416,-5.25088
0.785399,-5.25087
0.783381,-5.25086
0.781363,-5.25085
0.779344,-5.25084
0.777325,-5.25082
0.775306,-5.2508
0.773286,-5.25077
0.771265,-5.25074
0.769244,-5.25071
0.767223,-5.25068
0.765201,-5.25064
0.763179,-5.2506
0.761156,-5.25056
0.759133,-5.25051
0.757109,-5.25046
0.755085,-5.25041
0.753061,-5.25036
0.751036,-5.2503
0.74901,-5.25023
0.746984,-5.25017
0.744958,-5.2501
0.742931,-5.25003
0.740904,-5.24996
0.738876,-5.24988
0.736848,-5.2498
0.73482,-5.24971
0.732791,-5.24963
0.730762,-5.24954
0.728732,-5.24944
0.726701,-5.24935
0.724671,-5.24925
0.72264,-5.24914
0.720608,-5.24904
0.718576,-5.24893
0.716544,-5.24882
0.714511,-5.2487
0.712478,-5.24858
0.710444,-5.24846
0.70841,-5.24834
0.706375,-5.24821
0.70434,-5.24808
0.702305,-5.24794
0.700269,-5.24781
0.698233,-5.24767
0.696196,-5.24752
0.694159,-5.24738
0.692122,-5.24723
0.690084,-5.24707
0.688046,-5.24692
0.686007,-5.24676
0.683968,-5.2466
0.681928,-5.24643
0.679889,-5.24626
0.677848,-5.24609
0.675808,-5.24591
0.673767,-5.24574
0.671725,-5.24555
0.669683,-5.24537
0.667641,-5.24518
0.665598,-5.24499
0.663555,-5.2448
0.661512,-5.2446
0.659468,-5.2444
0.657424,-5.2442
0.655379,-5.24399
0.653334,-5.24378
0.651289,-5.24357
0.649243,-5.24335
0.647197,-5.24313
0.64515,-5.24291
0.643103,-5.24268
0.641056,-5.24246
0.639008,-5.24222
0.63696,-5.24199
0.634911,-5.24175
0.632862,-5.24151
0.630813,-5.24126
0.628764,-5.24102
0.626714,-5.24076
0.624663,-5.24051
0.622612,-5.24025
0.620561,-5.23999
0.61851,-5.23973
0.616458,-5.23946
0.614406,-5.23919
0.612353,-5.23892
0.6103,-5.23864
0.608247,-5.23836
0.606193,-5.23808
0.604139,-5.23779
0.602084,-5.2375
0.600029,-5.23721
0.597974,-5.23692
0.595919,-5.23662
0.593863,-5.23632
0.591806,-5.23601
0.58975,-5.2357
0.587693,-5.23539
0.585635,-5.23508
0.583578,-5.23476
0.58152,-5.23444
0.579461,-5.23411
0.577402,-5.23378
0.575343,-5.23345
0.573284,-5.23312
0.571224,-5.23278
0.569164,-5.23244
0.567103,-5.2321
0.565042,-5.23175
0.562981,-5.2314
0.560919,-5.23105
0.558857,-5.23069
0.556795,-5.23033
0.554732,-5.22997
0.552669,-5.22961
0.550606,-5.22924
0.548542,-5.22887
0.546479,-5.22849
0.544414,-5.22811
0.54235,-5.22773
0.540285,-5.22734
0.538219,-5.22696
0.536154,-5.22656
0.534088,-5.22617
0.532022,-5.22577
0.529955,-5.22537
0.527888,-5.22497
0.525821,-5.22456
0.523753,-5.22415
0.521685,-5.22374
0.519617,-5.22332
0.517549,-5.2229
0.51548,-5.22247
0.513411,-5.22205
0.511341,-5.22162
0.509272,-5.22119
0.507202,-5.22075
0.505131,-5.22031
0.50306,-5.21987
0.500989,-5.21942
0.498918,-5.21897
0.496847,-5.21852
0.494775,-5.21806
0.492702,-5.2176
0.49063,-5.21714
0.488557,-5.21668
0.486484,-5.21621
0.48441,-5.21574
0.482337,-5.21526
0.480263,-5.21478
0.478188,-5.2143
0.476114,-5.21382
0.474039,-5.21333
0.471964,-5.21284
0.469888,-5.21234
0.467812,-5.21185
0.465736,-5.21135
0.46366,-5.21084
0.461583,-5.21033
0.459506,-5.20982
0.457429,-5.20931
0.455352,-5.20879
0.453274,-5.20827
0.451196,-5.20775
0.449118,-5.20722
0.447039,-5.20669
0.44496,-5.20616
0.442881,-5.20562
0.440802,-5.20508
0.438722,-5.20454
0.436642,-5.20399
0.434562,-5.20345
0.432482,-5.20289
0.430401,-5.20234
0.42832,-5.20178
0.426239,-5.20121
0.424157,-5.20065
0.422076,-5.20008
0.419994,-5.19951
0.417911,-5.19893
0.415829,-5.19835
0.413746,-5.19777
0.411663,-5.19719
0.40958,-5.1966
0.407496,-5.19601
0.405412,-5.19541
0.403328,-5.19481
0.401244,-5.19421
0.39916,-5.19361
0.397075,-5.193
0.39499,-5.19239
0.392904,-5.19177
0.390819,-5.19115
0.388733,-5.19053
0.386647,-5.18991
0.384561,-5.18928
0.382474,-5.18865
0.380388,-5.18801
0.378301,-5.18738
0.376213,-5.18673
0.374126,-5.18609
0.372038,-5.18544
0.36995,-5.18479
0.367862,-5.18414
0.365774,-5.18348
0.363685,-5.18282
0.361596,-5.18215
0.359507,-5.18149
0.357418,-5.18082
0.355328,-5.18014
0.353238,-5.17947
0.351148,-5.17878
0.349058,-5.1781
0.346968,-5.17741
0.344877,-5.17672
0.342786,-5.17603
0.340695,-5.17533
0.338603,-5.17463
0.336512,-5.17393
0.33442,-5.17322
0.332328,-5.17251
0.330236,-5.1718
0.328143,-5.17108
0.326051,-5.17036
0.323958,-5.16964
0.321865,-5.16891
0.319772,-5.16818
0.317678,-5.16745
0.315585,-5.16671
0.313491,-5.16597
0.311397,-5.16523
0.309303,-5.16448
0.307208,-5.16373
0.305113,-5.16298
0.303019,-5.16222
0.300924,-5.16146
0.298828,-5.1607
0.296733,-5.15993
0.294637,-5.15916
0.292542,-5.15839
0.290446,-5.15761
0.28835,-5.15683
0.286253,-5.15605
0.284157,-5.15526
0.28206,-5.15447
0.279963,-5.15368
0.277866,-5.15288
0.275769,-5.15208
0.273672,-5.15128
0.271574,-5.15047
0.269476,-5.14966
0.267378,-5.14885
0.26528,-5.14803
0.263182,-5.14721
0.261083,-5.14639
0.258985,-5.14556
0.256886,-5.14473
0.254787,-5.1439
0.252688,-5.14306
0.250589,-5.14222
0.248489,-5.14138
0.24639,-5.14053
0.24429,-5.13968
0.24219,-5.13883
0.24009,-5.13797
0.23799,-5.13711
0.235889,-5.13625
0.233789,-5.13538
0.231688,-5.13451
0.229587,-5.13364
0.227486,-5.13276
0.225385,-5.13188
0.223284,-5.131
0.221183,-5.13011
0.219081,-5.12922
0.21698,-5.12833
0.214878,-5.12743
0.212776,-5.12653
0.210674,-5.12563
0.208572,-5.12472
0.206469,-5.12381
0.204367,-5.1229
0.202264,-5.12198
0.200162,-5.12106
0.198059,-5.12013
0.195956,-5.11921
0.193853,-5.11828
0.19175,-5.11734
0.189647,-5.1164
0.187543,-5.11546
0.18544,-5.11452
0.183336,-5.11357
0.181232,-5.11262
0.179128,-5.11166
0.177024,-5.11071
0.17492,-5.10974
0.172816,-5.10878
0.170712,-5.10781
0.168607,-5.10684
0.166503,-5.10586
0.164398,-5.10489
0.162293,-5.1039
0.160188,-5.10292
0.158083,-5.10193
0.155978,-5.10094
0.153873,-5.09994
0.151768,-5.09894
0.149662,-5.09794
0.147557,-5.09693
0.145451,-5.09593
0.143346,-5.09491
0.14124,-5.0939
0.139134,-5.09288
0.137028,-5.09185
0.134922,-5.09083
0.132816,-5.0898
0.130709,-5.08876
0.128603,-5.08773
0.126497,-5.08669
0.12439,-5.08564
0.122284,-5.0846
0.120177,-5.08355
0.11807,-5.08249
0.115963,-5.08143
0.113856,-5.08037
0.111749,-5.07931
0.109642,-5.07824
0.107535,-5.07717
0.105428,-5.07609
0.10332,-5.07502
0.101213,-5.07394
0.0991056,-5.07285
0.0969981,-5.07176
0.0948905,-5.07067
0.0927829,-5.06957
0.0906752,-5.06848
0.0885674,-5.06737
0.0864596,-5.06627
0.0843517,-5.06516
0.0822438,-5.06405
0.0801358,-5.06293
0.0780278,-5.06181
0.0759197,-5.06069
0.0738116,-5.05956
0.0717034,-5.05843
0.0695952,-5.0573
0.0674869,-5.05616
0.0653786,-5.05502
0.0632702,-5.05388
0.0611618,-5.05273
0.0590534,-5.05158
0.0569449,-5.05042
0.0548364,-5.04927
0.0527279,-5.0481
0.0506193,-5.04694
0.0485107,-5.04577
0.046402,-5.0446
0.0442933,-5.04342
0.0421846,-5.04224
0.0400758,-5.04106
0.0379671,-5.03988
0.0358583,-5.03869
0.0337494,-5.03749
0.0316406,-5.0363
0.0295317,-5.0351
0.0274228,-5.0339
0.0253139,-5.03269
0.023205,-5.03148
0.0210961,-5.03026
0.0189872,-5.02905
0.0168782,-5.02783
0.0147693,-5.0266
0.0126603,-5.02537
0.0105513,-5.02414
0.00844236,-5.02291
0.00633339,-5.02167
0.00422442,-5.02043
0.00211546,-5.01918
6.49888e-06,-5.01793
-0.00210245,-5.01668
-0.00421139,-5.01542
-0.00632032,-5.01417
-0.00842924,-5.0129
-0.0105381,-5.01164
-0.012647,-5.01037
-0.0147559,-5.00909
-0.0168648,-5.00781
-0.0189736,-5.00653
-0.0210824,-5.00525
-0.0231912,-5.00396
-0.0253,-5.00267
-0.0274087,-5.00137
-0.0295174,-5.00008
-0.0316261,-4.99877
-0.0337347,-4.99747
-0.0358433,-4.99616
-0.0379519,-4.99485
-0.0400605,-4.99353
-0.042169,-4.99221
-0.0442774,-4.99089
-0.0463859,-4.98956
-0.0484943,-4.98823
-0.0506026,-4.98689
-0.0527109,-4.98556
-0.0548192,-4.98421
-0.0569274,-4.98287
-0.0590356,-4.98152
-0.0611437,-4.98017
-0.0632518,-4.97881
-0.0653599,-4.97745
-0.0674678,-4.97609
-0.0695758,-4.97472
-0.0716836,-4.97335
-0.0737915,-4.97198
-0.0758992,-4.9706
-0.0780069,-4.96922
-0.0801146,-4.96784
-0.0822222,-4.96645
-0.0843297,-4.96506
-0.0864372,-4.96366
-0.0885446,-4.96226
-0.090652,-4.96086
-0.0927592,-4.95945
-0.0948665,-4.95804
-0.0969736,-4.95663
-0.0990807,-4.95521
-0.101188,-4.95379
-0.103295,-4.95236
-0.105401,-4.95094
-0.107508,-4.94951
-0.109615,-4.94807
-0.111722,-4.94663
-0.113828,-4.94519
-0.115935,-4.94374
-0.118041,-4.94229
-0.120147,-4.94084
-0.122253,-4.93938
-0.12436,-4.93792
-0.126466,-4.93646
-0.128572,-4.93499
-0.130677,-4.93352
-0.132783,-4.93204
-0.134889,-4.93056
-0.136994,-4.92908
-0.1391,-4.92759
-0.141205,-4.9261
-0.14331,-4.92461
-0.145415,-4.92311
-0.14752,-4.92161
-0.149625,-4.92011
-0.15173,-4.9186
-0.153835,-4.91708
-0.155939,-4.91557
-0.158044,-4.91405
-0.160148,-4.91253
-0.162252,-4.911
-0.164356,-4.90947
-0.16646,-4.90794
-0.168564,-4.9064
-0.170667,-4.90486
-0.172771,-4.90331
-0.174874,-4.90176
-0.176978,-4.90021
-0.179081,-4.89865
-0.181184,-4.89709
-0.183287,-4.89553
-0.185389,-4.89396
-0.187492,-4.89239
-0.189594,-4.89082
-0.191697,-4.88924
-0.193799,-4.88766
-0.195901,-4.88607
-0.198003,-4.88448
-0.200104,-4.88289
-0.202206,-4.88129
-0.204307,-4.87969
-0.206409,-4.87809
-0.20851,-4.87648
-0.210611,-4.87487
-0.212711,-4.87325
-0.214812,-4.87163
-0.216912,-4.87001
-0.219012,-4.86838
-0.221113,-4.86675
-0.223212,-4.86512
-0.225312,-4.86348
-0.227412,-4.86184
-0.229511,-4.86019
-0.23161,-4.85854
-0.233709,-4.85689
-0.235808,-4.85523
-0.237906,-4.85357
-0.240005,-4.85191
-0.242103,-4.85024
-0.244201,-4.84857
-0.246299,-4.84689
-0.248397,-4.84521
-0.250494,-4.84353
-0.252591,-4.84184
-0.254688,-4.84015
-0.256785,-4.83846
-0.258881,-4.83676
-0.260978,-4.83506
-0.263074,-4.83335
-0.26517,-4.83164
-0.267266,-4.82993
-0.269361,-4.82821
-0.271456,-4.82649
-0.273551,-4.82477
-0.275646,-4.82304
-0.277741,-4.8213
-0.279835,-4.81957
-0.281929,-4.81783
-0.284023,-4.81608
-0.286117,-4.81434
-0.28821,-4.81258
-0.290303,-4.81083
-0.292396,-4.80907
-0.294489,-4.80731
-0.296582,-4.80554
-0.298674,-4.80377
-0.300766,-4.80199
-0.302858,-4.80022
-0.304949,-4.79843
-0.307041,-4.79665
-0.309132,-4.79486
-0.311222,-4.79306
-0.313313,-4.79127
-0.315403,-4.78946
-0.317493,-4.78766
-0.319583,-4.78585
-0.321672,-4.78404
-0.323762,-4.78222
-0.325851,-4.7804
-0.327939,-4.77857
-0.330028,-4.77675
-0.332116,-4.77491
-0.334204,-4.77308
-0.336292,-4.77124
-0.338379,-4.76939
-0.340466,-4.76754
-0.342553,-4.76569
-0.344639,-4.76384
-0.346726,-4.76198
-0.348812,-4.76011
-0.350897,-4.75825
-0.352983,-4.75637
-0.355068,-4.7545
-0.357153,-4.75262
-0.359237,-4.75074
-0.361322,-4.74885
-0.363406,-4.74696
-0.365489,-4.74506
-0.367573,-4.74317
-0.369656,-4.74126
-0.371738,-4.73936
-0.373821,-4.73745
-0.375903,-4.73553
-0.377985,-4.73361
-0.380066,-4.73169
-0.382147,-4.72977
-0.384228,-4.72784
-0.386309,-4.7259
-0.388389,-4.72396
-0.390469,-4.72202
-0.392548,-4.72008
-0.394627,-4.71813
-0.396706,-4.71617
-0.398785,-4.71421
-0.400863,-4.71225
-0.402941,-4.71029
-0.405018,-4.70832
-0.407095,-4.70634
-0.409172,-4.70437
-0.411249,-4.70238
-0.413325,-4.7004
-0.415401,-4.69841
-0.417476,-4.69642
-0.419551,-4.69442
-0.421626,-4.69242
-0.4237,-4.69041
-0.425774,-4.6884
-0.427848,-4.68639
-0.429921,-4.68437
-0.431994,-4.68235
-0.434066,-4.68033
-0.436139,-4.6783
-0.43821,-4.67626
-0.440282,-4.67423
-0.442353,-4.67218
-0.444423,-4.67014
-0.446494,-4.66809
-0.448564,-4.66604
-0.450633,-4.66398
-0.452702,-4.66192
-0.454771,-4.65985
-0.456839,-4.65778
-0.458907,-4.65571
-0.460974,-4.65363
-0.463041,-4.65155
-0.465108,-4.64946
-0.467174,-4.64737
-0.46924,-4.64528
-0.471305,-4.64318
-0.47337,-4.64108
-0.475435,-4.63897
-0.477499,-4.63686
-0.479563,-4.63475
-0.481626,-4.63263
-0.483689,-4.63051
-0.485751,-4.62838
-0.487813,-4.62625
-0.489874,-4.62412
-0.491935,-4.62198
-0.493996,-4.61984
-0.496056,-4.61769
-0.498116,-4.61554
-0.500175,-4.61338
-0.502234,-4.61123
-0.504292,-4.60906
-0.50635,-4.6069
-0.508407,-4.60472
-0.510464,-4.60255
-0.512521,-4.60037
-0.514577,-4.59818
-0.516632,-4.596
-0.518687,-4.5938
-0.520742,-4.59161
-0.522796,-4.58941
-0.524849,-4.5872
-0.526903,-4.58499
-0.528955,-4.58278
-0.531007,-4.58056
-0.533059,-4.57834
-0.53511,-4.57612
-0.537161,-4.57389
-0.539211,-4.57165
-0.541261,-4.56942
-0.54331,-4.56717
-0.545359,-4.56493
-0.547407,-4.56268
-0.549455,-4.56042
-0.551502,-4.55816
-0.553549,-4.5559
-0.555595,-4.55363
-0.557641,-4.55136
-0.559686,-4.54908
-0.56173,-4.5468
-0.563775,-4.54452
-0.565818,-4.54223
-0.567861,-4.53994
-0.569904,-4.53764
-0.571946,-4.53534
-0.573987,-4.53304
-0.576028,-4.53073
-0.578069,-4.52841
-0.580109,-4.5261
-0.582148,-4.52377
-0.584187,-4.52145
-0.586225,-4.51912
-0.588263,-4.51678
-0.5903,-4.51444
-0.592337,-4.5121
-0.594373,-4.50975
-0.596408,-4.5074
-0.598443,-4.50504
-0.600477,-4.50268
-0.602511,-4.50032
-0.604544,-4.49795
-0.606577,-4.49558
-0.608609,-4.4932
-0.61064,-4.49082
-0.612671,-4.48843
-0.614702,-4.48604
-0.616731,-4.48365
-0.61876,-4.48125
-0.620789,-4.47884
-0.622817,-4.47644
-0.624844,-4.47402
-0.626871,-4.47161
-0.628897,-4.46919
-0.630922,-4.46676
-0.632947,-4.46433
-0.634971,-4.4619
-0.636995,-4.45946
-0.639018,-4.45702
-0.64104,-4.45457
-0.643062,-4.45212
-0.645083,-4.44967
-0.647104,-4.44721
-0.649123,-4.44474
-0.651143,-4.44228
-0.653161,-4.4398
-0.655179,-4.43733
-0.657196,-4.43485
-0.659213,-4.43236
-0.661229,-4.42987
-0.663244,-4.42737
-0.665259,-4.42488
-0.667273,-4.42237
-0.669286,-4.41987
-0.671299,-4.41735
-0.673311,-4.41484
-0.675322,-4.41232
-0.677333,-4.40979
-0.679343,-4.40726
-0.681352,-4.40473
-0.683361,-4.40219
-0.685369,-4.39965
-0.687376,-4.3971
-0.689382,-4.39455
-0.691388,-4.39199
-0.693393,-4.38943
-0.695397,-4.38687
-0.697401,-4.3843
-0.699404,-4.38172
-0.701406,-4.37914
-0.703407,-4.37656
-0.705408,-4.37397
-0.707408,-4.37138
-0.709407,-4.36879
-0.711406,-4.36619
-0.713403,-4.36358
-0.7154,-4.36097
-0.717397,-4.35836
-0.719392,-4.35574
-0.721387,-4.35311
-0.723381,-4.35049
-0.725374,-4.34785
-0.727366,-4.34522
-0.729358,-4.34258
-0.731349,-4.33993
-0.733339,-4.33728
-0.735328,-4.33462
-0.737317,-4.33197
-0.739305,-4.3293
-0.741292,-4.32663
-0.743278,-4.32396
-0.745263,-4.32128
-0.747248,-4.3186
-0.749231,-4.31591
-0.751214,-4.31322
-0.753197,-4.31053
-0.755178,-4.30782
-0.757159,-4.30512
-0.759138,-4.30241
-0.761117,-4.2997
-0.763095,-4.29698
-0.765073,-4.29425
-0.767049,-4.29152
-0.769025,-4.28879
-0.771,-4.28605
-0.772974,-4.28331
-0.774947,-4.28056
-0.776919,-4.27781
-0.778891,-4.27506
-0.780861,-4.2723
-0.782831,-4.26953
-0.7848,-4.26676
-0.786768,-4.26399
-0.788736,-4.26121
-0.790702,-4.25842
-0.792668,-4.25564
-0.794632,-4.25284
-0.796596,-4.25004
-0.798559,-4.24724
-0.800521,-4.24443
-0.802482,-4.24162
-0.804442,-4.23881
-0.806402,-4.23598
-0.80836,-4.23316
-0.810318,-4.23033
-0.812274,-4.22749
-0.81423,-4.22465
-0.816185,-4.22181
-0.818139,-4.21896
-0.820092,-4.2161
-0.822044,-4.21324
-0.823995,-4.21038
-0.825945,-4.20751
-0.827895,-4.20464
-0.829843,-4.20176
-0.831791,-4.19888
-0.833737,-4.19599
-0.835682,-4.1931
-0.837627,-4.1902
-0.839571,-4.1873
-0.841513,-4.18439
-0.843455,-4.18148
-0.845396,-4.17857
-0.847335,-4.17565
-0.849274,-4.17272
-0.851212,-4.16979
-0.853149,-4.16685
-0.855084,-4.16391
-0.857019,-4.16097
-0.858953,-4.15802
-0.860886,-4.15506
-0.862818,-4.1521
-0.864749,-4.14914
-0.866678,-4.14617
-0.868607,-4.1432
-0.870535,-4.14022
-0.872462,-4.13724
-0.874388,-4.13425
-0.876312,-4.13125
-0.878236,-4.12826
-0.880159,-4.12525
-0.88208,-4.12224
-0.884001,-4.11923
-0.88592,-4.11621
-0.887839,-4.11319
-0.889756,-4.11016
-0.891672,-4.10713
-0.893587,-4.10409
-0.895502,-4.10105
-0.897415,-4.098
-0.899327,-4.09495
-0.901237,-4.09189
-0.903147,-4.08883
-0.905056,-4.08577
-0.906963,-4.08269
-0.90887,-4.07962
-0.910775,-4.07654
-0.912679,-4.07345
-0.914582,-4.07036
-0.916484,-4.06726
-0.918385,-4.06416
-0.920284,-4.06105
-0.922183,-4.05794
-0.92408,-4.05482
-0.925976,-4.0517
-0.927871,-4.04858
-0.929765,-4.04544
-0.931658,-4.04231
-0.933549,-4.03917
-0.935439,-4.03602
-0.937329,-4.03287
-0.939216,-4.02971
-0.941103,-4.02655
-0.942989,-4.02338
-0.944873,-4.02021
-0.946756,-4.01703
-0.948638,-4.01385
-0.950518,-4.01066
-0.952398,-4.00747
-0.954276,-4.00427
-0.956153,-4.00107
-0.958029,-3.99786
-0.959903,-3.99465
-0.961776,-3.99143
-0.963648,-3.9882
-0.965519,-3.98498
-0.967389,-3.98174
-0.969257,-3.9785
-0.971124,-3.97526
-0.972989,-3.97201
-0.974854,-3.96876
-0.976717,-3.9655
-0.978579,-3.96223
-0.980439,-3.95896
-0.982299,-3.95569
-0.984157,-3.95241
-0.986013,-3.94912
-0.987869,-3.94583
-0.989723,-3.94253
-0.991576,-3.93923
-0.993427,-3.93593
-0.995277,-3.93261
-0.997126,-3.9293
-0.998974,-3.92597
-1.00082,-3.92265
-1.00266,-3.91931
-1.00451,-3.91598
-1.00635,-3.91263
-1.00819,-3.90928
-1.01003,-3.90593
-1.01187,-3.90257
-1.01371,-3.89921
-1.01554,-3.89584
-1.01737,-3.89246
-1.01921,-3.88908
-1.02104,-3.8857
-1.02287,-3.88231
-1.0247,-3.87891
-1.02652,-3.87551
-1.02835,-3.8721
-1.03017,-3.86869
-1.032,-3.86527
-1.03382,-3.86185
-1.03564,-3.85842
-1.03745,-3.85499
-1.03927,-3.85155
-1.04109,-3.8481
-1.0429,-3.84465
-1.04471,-3.8412
-1.04652,-3.83774
-1.04833,-3.83427
-1.05014,-3.8308
-1.05195,-3.82732
-1.05375,-3.82384
-1.05556,-3.82035
-1.05736,-3.81686
-1.05916,-3.81336
-1.06096,-3.80985
-1.06275,-3.80634
-1.06455,-3.80283
-1.06635,-3.79931
-1.06814,-3.79578
-1.06993,-3.79225
-1.07172,-3.78871
-1.07351,-3.78517
-1.07529,-3.78162
-1.07708,-3.77807
-1.07886,-3.77451
-1.08064,-3.77094
-1.08242,-3.76737
-1.0842,-3.7638
-1.08598,-3.76022
-1.08776,-3.75663
-1.08953,-3.75304
-1.0913,-3.74944
-1.09307,-3.74583
-1.09484,-3.74222
-1.09661,-3.73861
-1.09837,-3.73499
-1.10014,-3.73136
-1.1019,-3.72773
-1.10366,-3.72409
-1.10542,-3.72045
-1.10718,-3.7168
-1.10893,-3.71315
-1.11069,-3.70949
-1.11244,-3.70582
-1.11419,-3.70215
-1.11594,-3.69847
-1.11768,-3.69479
-1.11943,-3.6911
-1.12117,-3.68741
-1.12291,-3.68371
-1.12465,-3.68
-1.12639,-3.67629
-1.12813,-3.67257
-1.12986,-3.66885
-1.1316,-3.66512
-1.13333,-3.66139
-1.13506,-3.65765
-1.13678,-3.6539
-1.13851,-3.65015
-1.14023,-3.64639
-1.14195,-3.64263
-1.14367,-3.63886
-1.14539,-3.63509
-1.14711,-3.6313
-1.14882,-3.62752
-1.15053,-3.62372
-1.15225,-3.61993
-1.15395,-3.61612
-1.15566,-3.61231
-1.15737,-3.60849
-1.15907,-3.60467
-1.16077,-3.60084
-1.16247,-3.59701
-1.16417,-3.59317
-1.16586,-3.58932
-1.16755,-3.58547
-1.16925,-3.58161
-1.17093,-3.57775
-1.17262,-3.57388
-1.17431,-3.57
-1.17599,-3.56612
-1.17767,-3.56224
-1.17935,-3.55834
-1.18103,-3.55444
-1.1827,-3.55054
-1.18438,-3.54662
-1.18605,-3.54271
-1.18772,-3.53878
-1.18939,-3.53485
-1.19105,-3.53091
-1.19272,-3.52697
-1.19438,-3.52302
-1.19604,-3.51907
-1.19769,-3.51511
-1.19935,-3.51114
-1.201,-3.50717
-1.20265,-3.50319
-1.2043,-3.49921
-1.20595,-3.49522
-1.20759,-3.49122
-1.20923,-3.48721
-1.21087,-3.48321
-1.21251,-3.47919
-1.21415,-3.47517
-1.21578,-3.47114
-1.21741,-3.46711
-1.21904,-3.46306
-1.22067,-3.45902
-1.2223,-3.45497
-1.22392,-3.45091
-1.22554,-3.44684
-1.22716,-3.44277
-1.22877,-3.43869
-1.23039,-3.43461
-1.232,-3.43052
-1.23361,-3.42642
-1.23522,-3.42232
-1.23682,-3.41821
-1.23842,-3.41409
-1.24002,-3.40997
-1.24162,-3.40584
-1.24322,-3.40171
-1.24481,-3.39757
-1.2464,-3.39342
-1.24799,-3.38926
-1.24958,-3.3851
-1.25116,-3.38094
-1.25274,-3.37676
-1.25432,-3.37258
-1.2559,-3.3684
-1.25747,-3.36421
-1.25904,-3.36001
-1.26061,-3.3558
-1.26218,-3.35159
-1.26375,-3.34737
-1.26531,-3.34315
-1.26687,-3.33892
-1.26842,-3.33468
-1.26998,-3.33043
-1.27153,-3.32618
-1.27308,-3.32193
-1.27463,-3.31766
-1.27617,-3.31339
-1.27772,-3.30912
-1.27926,-3.30483
-1.28079,-3.30054
-1.28233,-3.29625
-1.28386,-3.29194
-1.28539,-3.28763
-1.28692,-3.28332
-1.28844,-3.27899
-1.28996,-3.27466
-1.29148,-3.27033
-1.293,-3.26598
-1.29451,-3.26164
-1.29602,-3.25728
-1.29753,-3.25292
-1.29903,-3.24855
-1.30054,-3.24417
-1.30204,-3.23979
-1.30353,-3.2354
-1.30503,-3.231
-1.30652,-3.2266
-1.30801,-3.22219
-1.30949,-3.21777
-1.31098,-3.21334
-1.31246,-3.20891
-1.31394,-3.20448
-1.31541,-3.20003
-1.31688,-3.19558
-1.31835,-3.19112
-1.31982,-3.18666
-1.32128,-3.18218
-1.32274,-3.17771
-1.3242,-3.17322
-1.32565,-3.16873
-1.3271,-3.16423
-1.32855,-3.15972
-1.33,-3.15521
-1.33144,-3.15069
-1.33288,-3.14616
-1.33432,-3.14162
-1.33575,-3.13708
-1.33718,-3.13253
-1.33861,-3.12797
-1.34003,-3.12341
-1.34145,-3.11884
-1.34287,-3.11426
-1.34429,-3.10968
-1.3457,-3.10509
-1.34711,-3.10049
-1.34851,-3.09588
-1.34992,-3.09127
-1.35132,-3.08665
-1.35271,-3.08202
-1.35411,-3.07739
-1.3555,-3.07274
-1.35688,-3.06809
-1.35827,-3.06344
-1.35965,-3.05877
-1.36103,-3.0541
-1.3624,-3.04942
-1.36377,-3.04474
-1.36514,-3.04005
-1.3665,-3.03535
-1.36786,-3.03064
-1.36922,-3.02592
-1.37058,-3.0212
-1.37193,-3.01647
-1.37327,-3.01173
-1.37462,-3.00699
-1.37596,-3.00224
-1.3773,-2.99748
-1.37863,-2.99271
-1.37996,-2.98794
-1.38129,-2.98316
-1.38261,-2.97837
-1.38393,-2.97357
-1.38525,-2.96877
-1.38657,-2.96396
-1.38787,-2.95914
-1.38918,-2.95431
-1.39048,-2.94948
-1.39178,-2.94464
-1.39308,-2.93979
-1.39437,-2.93493
-1.39566,-2.93007
-1.39694,-2.9252
-1.39822,-2.92032
-1.3995,-2.91543
-1.40078,-2.91054
-1.40205,-2.90563
-1.40331,-2.90072
-1.40457,-2.89581
-1.40583,-2.89088
-1.40709,-2.88595
-1.40834,-2.88101
-1.40959,-2.87606
-1.41083,-2.8711
-1.41207,-2.86614
-1.41331,-2.86116
-1.41454,-2.85618
-1.41577,-2.8512
-1.41699,-2.8462
-1.41821,-2.8412
-1.41943,-2.83619
-1.42064,-2.83117
-1.42185,-2.82614
-1.42306,-2.82111
-1.42426,-2.81606
-1.42545,-2.81101
-1.42665,-2.80595
-1.42784,-2.80089
-1.42902,-2.79581
-1.4302,-2.79073
-1.43138,-2.78564
-1.43255,-2.78054
-1.43372,-2.77543
-1.43488,-2.77032
-1.43604,-2.7652
-1.4372,-2.76007
-1.43835,-2.75493
-1.4395,-2.74978
-1.44064,-2.74463
-1.44178,-2.73946
-1.44291,-2.73429
-1.44404,-2.72911
-1.44517,-2.72392
-1.44629,-2.71873
-1.4474,-2.71352
-1.44851,-2.70831
-1.44962,-2.70309
-1.45072,-2.69786
-1.45182,-2.69262
-1.45292,-2.68738
-1.45401,-2.68212
-1.45509,-2.67686
-1.45617,-2.67159
-1.45724,-2.66631
-1.45832,-2.66102
-1.45938,-2.65573
-1.46044,-2.65042
-1.4615,-2.64511
-1.46255,-2.63979
-1.4636,-2.63446
-1.46464,-2.62912
-1.46568,-2.62377
-1.46671,-2.61841
-1.46774,-2.61305
-1.46876,-2.60767
-1.46978,-2.60229
-1.47079,-2.5969
-1.4718,-2.5915
-1.4728,-2.58609
-1.4738,-2.58068
-1.47479,-2.57525
-1.47578,-2.56981
-1.47676,-2.56437
-1.47774,-2.55892
-1.47871,-2.55346
-1.47967,-2.54799
-1.48064,-2.54251
-1.48159,-2.53702
-1.48254,-2.53152
-1.48349,-2.52602
-1.48443,-2.5205
-1.48537,-2.51498
-1.4863,-2.50945
-1.48722,-2.5039
-1.48814,-2.49835
-1.48906,-2.49279
-1.48997,-2.48722
-1.49087,-2.48165
-1.49177,-2.47606
-1.49266,-2.47046
-1.49355,-2.46486
-1.49443,-2.45924
-1.49531,-2.45362
-1.49618,-2.44799
-1.49704,-2.44234
-1.4979,-2.43669
-1.49875,-2.43103
-1.4996,-2.42536
-1.50044,-2.41968
-1.50128,-2.414
-1.50211,-2.4083
-1.50293,-2.40259
-1.50375,-2.39688
-1.50457,-2.39115
-1.50537,-2.38541
-1.50617,-2.37967
-1.50697,-2.37392
-1.50776,-2.36815
-1.50854,-2.36238
-1.50932,-2.3566
-1.51009,-2.3508
-1.51085,-2.345
-1.51161,-2.33919
-1.51236,-2.33337
-1.5131,-2.32754
-1.51384,-2.3217
-1.51458,-2.31585
-1.5153,-2.30999
-1.51602,-2.30412
-1.51674,-2.29824
-1.51745,-2.29235
-1.51815,-2.28645
-1.51884,-2.28054
-1.51953,-2.27462
-1.52021,-2.2687
-1.52088,-2.26276
-1.52155,-2.25681
-1.52221,-2.25085
-1.52287,-2.24488
-1.52352,-2.23891
-1.52416,-2.23292
-1.52479,-2.22692
-1.52542,-2.22091
-1.52604,-2.21489
-1.52665,-2.20887
-1.52726,-2.20283
-1.52786,-2.19678
-1.52845,-2.19072
-1.52904,-2.18465
-1.52962,-2.17857
-1.53019,-2.17248
-1.53075,-2.16639
-1.53131,-2.16028
-1.53186,-2.15416
-1.5324,-2.14803
-1.53294,-2.14189
-1.53346,-2.13574
-1.53398,-2.12958
-1.5345,-2.1234
-1.535,-2.11722
-1.5355,-2.11103
-1.53599,-2.10483
-1.53647,-2.09862
-1.53694,-2.09239
-1.53741,-2.08616
-1.53787,-2.07991
-1.53832,-2.07366
-1.53876,-2.06739
-1.53919,-2.06112
-1.53962,-2.05483
-1.54004,-2.04853
-1.54044,-2.04222
-1.54085,-2.0359
-1.54124,-2.02957
-1.54162,-2.02323
-1.542,-2.01688
-1.54237,-2.01052
-1.54273,-2.00414
-1.54308,-1.99776
-1.54342,-1.99136
-1.54375,-1.98496
-1.54407,-1.97854
-1.54439,-1.97211
-1.5447,-1.96567
-1.54499,-1.95922
-1.54528,-1.95275
-1.54556,-1.94628
-1.54583,-1.93979
-1.54609,-1.9333
-1.54635,-1.92679
-1.54659,-1.92027
-1.54682,-1.91374
-1.54705,-1.9072
-1.54726,-1.90064
-1.54747,-1.89408
-1.54766,-1.8875
-1.54785,-1.88091
-1.54803,-1.87431
-1.5482,-1.8677
-1.54835,-1.86107
-1.5485,-1.85444
-1.54864,-1.84779
-1.54877,-1.84113
-1.54889,-1.83446
-1.549,-1.82778
-1.54909,-1.82108
-1.54918,-1.81438
-1.54926,-1.80766
-1.54933,-1.80093
-1.54939,-1.79419
-1.54943,-1.78743
-1.54947,-1.78067
-1.5495,-1.77389
-1.54952,-1.7671
-1.54952,-1.7603
-1.54952,-1.75348
-1.5495,-1.74666
-1.54947,-1.73982
-1.54944,-1.73297
-1.54939,-1.7261
-1.54933,-1.71923
-1.54926,-1.71234
-1.54918,-1.70544
-1.54908,-1.69853
-1.54898,-1.69161
-1.54886,-1.68467
-1.54874,-1.67772
-1.5486,-1.67076
-1.54845,-1.66378
-1.54828,-1.6568
-1.54811,-1.6498
-1.54792,-1.64278
-1.54772,-1.63576
-1.54751,-1.62872
-1.54729,-1.62167
-1.54706,-1.6146
-1.54681,-1.60753
-1.54655,-1.60044
-1.54628,-1.59333
-1.54599,-1.58622
-1.5457,-1.57909
-1.54539,-1.57195
-1.54507,-1.56479
-1.54473,-1.55763
-1.54438,-1.55044
-1.54402,-1.54325
-1.54365,-1.53604
-1.54326,-1.52882
-1.54286,-1.52159
-1.54244,-1.51434
-1.54202,-1.50708
-1.54158,-1.49981
-1.54112,-1.49252
-1.54065,-1.48522
-1.54017,-1.4779
-1.53968,-1.47058
-1.53917,-1.46324
-1.53864,-1.45588
-1.5381,-1.44851
-1.53755,-1.44113
-1.53698,-1.43374
-1.5364,-1.42633
-1.53581,-1.41891
-1.53519,-1.41147
-1.53457,-1.40402
-1.53393,-1.39656
-1.53327,-1.38908
-1.5326,-1.38159
-1.53191,-1.37409
-1.53121,-1.36657
-1.53049,-1.35904
-1.52976,-1.3515
-1.52901,-1.34394
-1.52824,-1.33636
-1.52746,-1.32878
-1.52666,-1.32118
-1.52585,-1.31356
-1.52502,-1.30593
-1.52417,-1.29829
-1.52331,-1.29063
-1.52242,-1.28296
-1.52152,-1.27528
-1.52061,-1.26758
-1.51967,-1.25986
-1.51872,-1.25213
-1.51775,-1.24439
-1.51676,-1.23663
-1.51576,-1.22886
-1.51473,-1.22108
-1.51369,-1.21328
-1.51263,-1.20546
-1.51155,-1.19763
-1.51045,-1.18979
-1.50933,-1.18193
-1.5082,-1.17405
-1.50704,-1.16616
-1.50586,-1.15826
-1.50467,-1.15034
-1.50345,-1.14241
-1.50221,-1.13446
-1.50095,-1.12649
-1.49968,-1.11851
-1.49838,-1.11052
-1.49706,-1.10251
-1.49572,-1.09448
-1.49436,-1.08644
-1.49298,-1.07839
-1.49157,-1.07032
-1.49015,-1.06223
-1.4887,-1.05413
-1.48723,-1.04601
-1.48574,-1.03787
-1.48422,-1.02972
-1.48269,-1.02156
-1.48113,-1.01338
-1.47955,-1.00518
-1.47794,-0.99697
-1.47631,-0.988742
-1.47466,-0.980499
-1.47299,-0.972239
-1.47129,-0.963964
-1.46956,-0.955673
-1.46782,-0.947367
-1.46605,-0.939044
-1.46425,-0.930706
-1.46243,-0.922353
-1.46059,-0.913983
-1.45872,-0.905598
-1.45682,-0.897197
-1.4549,-0.888781
-1.45295,-0.880348
-1.45098,-0.8719
-1.44898,-0.863436
-1.44695,-0.854956
-1.44489,-0.846461
-1.44281,-0.837949
-1.4407,-0.829421
-1.43856,-0.820878
-1.43639,-0.812318
-1.4342,-0.803742
-1.43197,-0.79515
-1.42972,-0.786542
-1.42744,-0.777917
-1.42512,-0.769276
-1.42278,-0.760619
-1.4204,-0.751945
-1.418,-0.743255
-1.41556,-0.734548
-1.4131,-0.725825
-1.4106,-0.717085
-1.40807,-0.708329
-1.40551,-0.699556
-1.40291,-0.690767
-1.40028,-0.681961
-1.39762,-0.673139
-1.39493,-0.6643
-1.3922,-0.655444
-1.38944,-0.646572
-1.38664,-0.637684
-1.38381,-0.628779
-1.38095,-0.619857
-1.37805,-0.61092
-1.37511,-0.601965
-1.37214,-0.592995
-1.36914,-0.584008
-1.36609,-0.575006
-1.36301,-0.565987
-1.3599,-0.556952
-1.35674,-0.547901
-1.35355,-0.538834
-1.35032,-0.529752
-1.34705,-0.520653
-1.34374,-0.51154
-1.3404,-0.50241
-1.33701,-0.493266
-1.33358,-0.484106
-1.33012,-0.474931
-1.32661,-0.465741
-1.32306,-0.456536
-1.31947,-0.447317
-1.31584,-0.438083
-1.31216,-0.428834
-1.30844,-0.419571
-1.30468,-0.410294
-1.30088,-0.401003
-1.29703,-0.391699
-1.29313,-0.382381
-1.28919,-0.373049
-1.2852,-0.363704
-1.28117,-0.354347
-1.27709,-0.344976
-1.27296,-0.335593
-1.26878,-0.326198
-1.26456,-0.31679
-1.26028,-0.307371
-1.25595,-0.29794
-1.25158,-0.288497
-1.24715,-0.279044
-1.24267,-0.269579
-1.23814,-0.260104
-1.23355,-0.250619
-1.22891,-0.241123
-1.22422,-0.231618
-1.21946,-0.222103
-1.21466,-0.212579
-1.20979,-0.203047
-1.20487,-0.193505
-1.19989,-0.183956
-1.19485,-0.174398
-1.18975,-0.164833
-1.18458,-0.15526
-1.17936,-0.145681
-1.17407,-0.136095
-1.16872,-0.126502
-1.1633,-0.116904
-1.15782,-0.1073
-1.15228,-0.0976915
-1.14666,-0.0880777
-1.14098,-0.0784595
-1.13522,-0.0688372
-1.1294,-0.0592113
-1.12351,-0.049582
-1.11755,-0.0399499
-1.11151,-0.0303153
-1.1054,-0.0206787
-1.09921,-0.0110405
-1.09296,-0.0014013
-1.08662,0.00823846
-1.08021,0.0178782
-1.07373,0.0275173
-1.06716,0.0371552
-1.06052,0.0467911
-1.0538,0.0564244
-1.047,0.0660541
-1.04012,0.0756795
-1.03316,0.0852997
-1.02612,0.0949136
-1.019,0.10452
-1.01179,0.114118
-1.0045,0.123707
-0.997128,0.133285
-0.989669,0.142851
-0.982123,0.152404
-0.974489,0.161943
-0.966767,0.171465
-0.958955,0.180971
-0.951052,0.190457
-0.943057,0.199923
-0.934969,0.209368
-0.926786,0.218789
-0.918507,0.228186
-0.910131,0.237556
-0.901657,0.246897
-0.893082,0.256209
-0.884406,0.26549
-0.875627,0.274736
-0.866743,0.283948
-0.857755,0.293122
-0.848659,0.302258
-0.839454,0.311352
-0.83014,0.320403
-0.820715,0.329409
-0.811177,0.338367
-0.801525,0.347276
-0.791757,0.356134
-0.781873,0.364937
-0.771871,0.373684
-0.761749,0.382373
-0.751507,0.391
-0.741144,0.399563
-0.730657,0.40806
-0.720046,0.416488
-0.70931,0.424845
-0.698448,0.433127
-0.687458,0.441332
-0.67634,0.449456
-0.665093,0.457498
-0.653716,0.465453
-0.642209,0.473319
-0.63057,0.481092
-0.618799,0.48877
-0.606895,0.496349
-0.594859,0.503825
-0.582689,0.511195
-0.570386,0.518456
-0.557949,0.525604
-0.545378,0.532636
-0.532674,0.539547
-0.519836,0.546334
-0.506865,0.552993
-0.493761,0.55952
-0.480525,0.565912
-0.467158,0.572164
-0.45366,0.578273
-0.440033,0.584234
-0.426277,0.590043
-0.412394,0.595696
-0.398386,0.60119
-0.384254,0.60652
-0.370001,0.611682
-0.355628,0.616672
-0.341137,0.621486
-0.326531,0.626119
-0.311813,0.630569
-0.296985,0.634831
-0.282051,0.638901
-0.267014,0.642776
-0.251877,0.646451
-0.236644,0.649924
-0.221319,0.653191
-0.205906,0.656249
-0.190409,0.659095
-0.174833,0.661726
-0.159181,0.664139
-0.14346,0.666331
-0.127674,0.668301
-0.111828,0.670047
-0.0959276,0.671566
-0.0799776,0.672857
-0.0639837,0.673919
-0.0479515,0.674751
-0.0318866,0.675352
-0.0157946,0.675721
0.000318617,0.67586
0.0164474,0.675767
0.0325861,0.675444
0.0487288,0.674891
0.06487,0.674109
0.0810041,0.673101
0.0971254,0.671866
0.113229,0.670409
0.129308,0.66873
0.145359,0.666833
0.161377,0.66472
0.177355,0.662394
0.19329,0.659859
0.209178,0.657118
0.225013,0.654176
0.240791,0.651035
0.25651,0.647699
0.272164,0.644174
0.28775,0.640463
0.303265,0.636572
0.318706,0.632503
0.33407,0.628263
0.349354,0.623855
0.364555,0.619285
0.379671,0.614556
0.394701,0.609675
0.409641,0.604645
0.424491,0.599472
0.439247,0.59416
0.453909,0.588713
0.468476,0.583136
0.482945,0.577434
0.497315,0.57161
0.511584,0.565669
0.525752,0.559615
0.539818,0.553451
0.553779,0.547181
0.567635,0.540807
0.581385,0.534332
0.595028,0.52776
0.608564,0.521092
0.621993,0.514332
0.635315,0.507483
0.648532,0.500546
0.661643,0.493527
0.67465,0.486427
0.687553,0.479249
0.700353,0.471997
0.713051,0.464674
0.725647,0.457283
0.738143,0.449826
0.75054,0.442306
0.762837,0.434726
0.775037,0.427089
0.78714,0.419397
0.799146,0.411653
0.811058,0.403859
0.822874,0.396018
0.834598,0.388131
0.846229,0.3802
0.857768,0.372229
0.869216,0.364219
0.880575,0.356171
0.891845,0.348088
0.903026,0.339971
0.914121,0.331822
0.92513,0.323643
0.936053,0.315435
0.946892,0.3072
0.957647,0.298939
0.96832,0.290654
0.978911,0.282346
0.989422,0.274016
0.999853,0.265666
1.0102,0.257296
1.02048,0.248909
1.03068,0.240504
1.0408,0.232083
1.05084,0.223647
1.06081,0.215198
1.07071,0.206735
1.08053,0.19826
1.09028,0.189773
1.09996,0.181276
1.10957,0.17277
1.11911,0.164254
1.12859,0.15573
1.13799,0.147198
1.14733,0.138659
1.1566,0.130114
1.1658,0.121564
1.17494,0.113008
1.18402,0.104447
1.19303,0.0958821
1.20198,0.0873137
1.21087,0.0787421
1.21969,0.0701678
1.22846,0.0615911
1.23716,0.0530126
1.24581,0.0444325
1.2544,0.0358513
1.26293,0.0272693
1.27141,0.0186868
1.27982,0.0101041
1.28819,0.00152154
1.2965,-0.0070606
1.30475,-0.0156421
1.31295,-0.0242226
1.3211,-0.032802
1.3292,-0.0413799
1.33724,-0.0499562
1.34524,-0.0585306
1.35318,-0.0671029
1.36108,-0.0756729
1.36893,-0.0842403
1.37673,-0.0928049
1.38448,-0.101367
1.39219,-0.109925
1.39985,-0.11848
1.40747,-0.12703
1.41504,-0.135577
1.42257,-0.14412
1.43005,-0.152658
1.43749,-0.161191
1.44489,-0.16972
1.45225,-0.178243
1.45957,-0.186761
1.46684,-0.195274
1.47407,-0.203782
1.48127,-0.212284
1.48842,-0.22078
1.49553,-0.229271
1.50261,-0.237756
1.50964,-0.246235
1.51664,-0.254708
1.5236,-0.263175
1.53053,-0.271637
1.53741,-0.280091
1.54426,-0.28854
1.55108,-0.296983
1.55786,-0.305419
1.5646,-0.313848
1.57131,-0.322271
1.57799,-0.330687
1.58463,-0.339097
1.59124,-0.3475
1.59781,-0.355896
1.60436,-0.364286
1.61087,-0.372668
1.61735,-0.381044
1.62379,-0.389412
1.63021,-0.397773
1.6366,-0.406127
1.64296,-0.414474
1.64928,-0.422814
1.65558,-0.431146
1.66185,-0.439471
1.66809,-0.447788
1.6743,-0.456098
1.68048,-0.4644
1.68663,-0.472695
1.69276,-0.480982
1.69886,-0.489261
1.70493,-0.497533
1.71097,-0.505796
1.71699,-0.514052
1.72298,-0.522301
1.72895,-0.530541
1.73489,-0.538773
1.74081,-0.546997
1.7467,-0.555214
1.75256,-0.563422
1.7584,-0.571622
1.76421,-0.579815
1.77001,-0.587999
1.77577,-0.596175
1.78152,-0.604343
1.78724,-0.612502
1.79293,-0.620654
1.7986,-0.628797
1.80425,-0.636932
1.80988,-0.645059
1.81548,-0.653178
1.82107,-0.661288
1.82663,-0.669391
1.83216,-0.677485
1.83768,-0.68557
1.84317,-0.693648
1.84864,-0.701717
1.8541,-0.709778
1.85953,-0.717831
1.86493,-0.725876
1.87032,-0.733912
1.87569,-0.741941
1.88104,-0.749961
1.88636,-0.757973
1.89167,-0.765977
1.89696,-0.773973
1.90222,-0.781961
1.90747,-0.789941
1.9127,-0.797913
1.91791,-0.805877
1.9231,-0.813833
1.92827,-0.821781
1.93342,-0.829721
1.93856,-0.837653
1.94367,-0.845577
1.94877,-0.853493
1.95385,-0.861401
1.95891,-0.869301
1.96395,-0.877194
1.96898,-0.885078
1.97399,-0.892954
1.97898,-0.900823
1.98395,-0.908684
1.98891,-0.916537
1.99385,-0.924382
1.99877,-0.932219
2.00368,-0.940048
2.00857,-0.94787
2.01344,-0.955684
2.0183,-0.963491
2.02314,-0.971289
2.02796,-0.97908
2.03277,-0.986864
2.03756,-0.99464
2.04234,-1.00241
2.0471,-1.01017
2.05185,-1.01792
2.05658,-1.02567
2.06129,-1.03341
2.06599,-1.04114
2.07068,-1.04886
2.07535,-1.05658
2.08,-1.06429
2.08465,-1.07199
2.08927,-1.07968
2.09389,-1.08737
2.09848,-1.09505
2.10307,-1.10272
2.10764,-1.11038
2.11219,-1.11804
2.11674,-1.12569
2.12126,-1.13334
2.12578,-1.14097
2.13028,-1.1486
2.13477,-1.15622
2.13924,-1.16384
2.14371,-1.17144
2.14816,-1.17904
2.15259,-1.18664
2.15701,-1.19422
2.16142,-1.2018
2.16582,-1.20938
2.17021,-1.21694
2.17458,-1.2245
2.17894,-1.23205
2.18329,-1.2396
2.18762,-1.24713
2.19195,-1.25466
2.19626,-1.26219
2.20056,-1.2697
2.20485,-1.27721
2.20912,-1.28472
2.21338,-1.29221
2.21764,-1.2997
2.22188,-1.30718
2.22611,-1.31466
2.23032,-1.32213
2.23453,-1.32959
2.23873,-1.33705
2.24291,-1.34449
2.24708,-1.35194
2.25124,-1.35937
2.2554,-1.3668
2.25954,-1.37422
2.26366,-1.38164
2.26778,-1.38904
2.27189,-1.39645
2.27599,-1.40384
2.28007,-1.41123
2.28415,-1.41861
2.28821,-1.42599
2.29227,-1.43336
2.29631,-1.44072
2.30034,-1.44808
2.30437,-1.45543
2.30838,-1.46277
2.31239,-1.47011
2.31638,-1.47744
2.32036,-1.48476
2.32434,-1.49208
2.3283,-1.49939
2.33225,-1.5067
2.3362,-1.51399
2.34013,-1.52129
2.34406,-1.52857
2.34797,-1.53585
2.35188,-1.54313
2.35578,-1.5504
2.35966,-1.55766
2.36354,-1.56491
2.36741,-1.57216
2.37127,-1.5794
2.37512,-1.58664
2.37896,-1.59387
2.38279,-1.6011
2.38662,-1.60832
2.39043,-1.61553
2.39423,-1.62274
2.39803,-1.62994
2.40182,-1.63713
2.4056,-1.64432
2.40937,-1.6515
2.41313,-1.65868
2.41688,-1.66585
2.42062,-1.67302
2.42436,-1.68018
2.42809,-1.68733
2.4318,-1.69448
2.43551,-1.70162
2.43922,-1.70876
2.44291,-1.71589
2.4466,-1.72301
2.45027,-1.73013
2.45394,-1.73725
2.4576,-1.74435
2.46126,-1.75146
2.4649,-1.75855
2.46854,-1.76564
2.47217,-1.77273
2.47579,-1.77981
2.4794,-1.78688
2.48301,-1.79395
2.48661,-1.80102
2.4902,-1.80807
2.49378,-1.81513
2.49736,-1.82217
2.50093,-1.82921
2.50449,-1.83625
2.50804,-1.84328
2.51159,-1.85031
2.51512,-1.85733
2.51866,-1.86434
2.52218,-1.87135
2.5257,-1.87835
2.52921,-1.88535
2.53271,-1.89234
2.5362,-1.89933
2.53969,-1.90631
2.54317,-1.91329
2.54665,-1.92026
2.55011,-1.92723
2.55357,-1.93419
2.55703,-1.94114
2.56047,-1.94809
2.56391,-1.95504
2.56735,-1.96198
2.57077,-1.96892
2.57419,-1.97584
2.5776,-1.98277
2.58101,-1.98969
2.58441,-1.9966
2.5878,-2.00351
2.59119,-2.01042
2.59457,-2.01732
2.59794,-2.02421
2.60131,-2.0311
2.60467,-2.03798
2.60802,-2.04486
2.61137,-2.05173
2.61471,-2.0586
2.61805,-2.06547
2.62137,-2.07233
2.6247,-2.07918
2.62801,-2.08603
2.63132,-2.09287
2.63463,-2.09971
2.63792,-2.10655
2.64121,-2.11338
2.6445,-2.1202
2.64778,-2.12702
2.65105,-2.13384
2.65432,-2.14064
2.65758,-2.14745
2.66084,-2.15425
2.66408,-2.16105
2.66733,-2.16784
2.67057,-2.17462
2.6738,-2.1814
2.67702,-2.18818
2.68024,-2.19495
2.68346,-2.20172
2.68667,-2.20848
2.68987,-2.21524
2.69307,-2.22199
2.69626,-2.22874
2.69944,-2.23548
2.70262,-2.24222
2.7058,-2.24896
2.70897,-2.25569
2.71213,-2.26241
2.71529,-2.26913
2.71844,-2.27585
2.72159,-2.28256
2.72473,-2.28927
2.72787,-2.29597
2.731,-2.30267
2.73412,-2.30936
2.73724,-2.31605
2.74036,-2.32274
2.74347,-2.32942
2.74657,-2.33609
2.74967,-2.34276
2.75276,-2.34943
2.75585,-2.35609
2.75894,-2.36275
2.76202,-2.3694
2.76509,-2.37605
2.76816,-2.3827
2.77122,-2.38934
2.77428,-2.39598
2.77733,-2.40261
2.78038,-2.40924
2.78342,-2.41586
2.78646,-2.42248
2.7895,-2.42909
2.79252,-2.4357
2.79555,-2.44231
2.79857,-2.44891
2.80158,-2.45551
2.80459,-2.4621
2.8076,-2.46869
2.81059,-2.47528
2.81359,-2.48186
2.81658,-2.48844
2.81957,-2.49501
2.82255,-2.50158
2.82552,-2.50814
2.82849,-2.5147
2.83146,-2.52126
2.83442,-2.52781
2.83738,-2.53436
2.84033,-2.5409
2.84328,-2.54744
2.84623,-2.55398
2.84916,-2.56051
2.8521,-2.56704
2.85503,-2.57356
2.85796,-2.58008
2.86088,-2.58659
2.86379,-2.59311
2.86671,-2.59961
2.86962,-2.60612
2.87252,-2.61262
2.87542,-2.61911
2.87831,-2.6256
2.8812,-2.63209
2.88409,-2.63857
2.88697,-2.64505
2.88985,-2.65153
2.89272,-2.658
2.89559,-2.66447
2.89846,-2.67093
2.90132,-2.67739
2.90418,-2.68385
2.90703,-2.6903
2.90988,-2.69675
2.91272,-2.70319
2.91556,-2.70963
2.9184,-2.71607
2.92123,-2.7225
2.92406,-2.72893
2.92688,-2.73536
2.9297,-2.74178
2.93251,-2.7482
2.93533,-2.75461
2.93813,-2.76102
2.94094,-2.76743
2.94374,-2.77383
2.94653,-2.78023
2.94932,-2.78663
2.95211,-2.79302
2.95489,-2.7994
2.95767,-2.80579
2.96045,-2.81217
2.96322,-2.81855
2.96599,-2.82492
2.96875,-2.83129
2.97151,-2.83765
2.97427,-2.84402
2.97702,-2.85038
2.97977,-2.85673
2.98252,-2.86308
2.98526,-2.86943
2.988,-2.87577
2.99073,-2.88211
2.99346,-2.88845
2.99619,-2.89478
2.99891,-2.90111
3.00163,-2.90744
3.00434,-2.91376
3.00706,-2.92008
3.00976,-2.9264
3.01247,-2.93271
3.01517,-2.93902
3.01787,-2.94532
3.02056,-2.95163
3.02325,-2.95792
3.02594,-2.96422
3.02862,-2.97051
3.0313,-2.9768
3.03398,-2.98308
3.03665,-2.98936
3.03932,-2.99564
3.04198,-3.00192
3.04465,-3.00819
3.0473,-3.01445
3.04996,-3.02072
3.05261,-3.02698
3.05526,-3.03323
3.0579,-3.03949
3.06055,-3.04574
3.06318,-3.05199
3.06582,-3.05823
3.06845,-3.06447
3.07108,-3.07071
3.0737,-3.07694
3.07633,-3.08317
3.07894,-3.0894
3.08156,-3.09562
3.08417,-3.10184
3.08678,-3.10806
3.08938,-3.11427
3.09198,-3.12048
3.09458,-3.12669
3.09718,-3.13289
3.09977,-3.13909
3.10236,-3.14529
3.10495,-3.15148
3.10753,-3.15768
3.11011,-3.16386
3.11268,-3.17005
3.11526,-3.17623
3.11783,-3.18241
3.12039,-3.18858
3.12296,-3.19475
3.12552,-3.20092
3.12807,-3.20709
3.13063,-3.21325
3.13318,-3.21941
3.13573,-3.22556
3.13827,-3.23171
3.14081,-3.23786
3.14335,-3.24401
3.14589,-3.25015
3.14842,-3.25629
3.15095,-3.26243
3.15348,-3.26856
3.156,-3.27469
3.15852,-3.28082
3.16104,-3.28694
3.16356,-3.29307
3.16607,-3.29918
3.16858,-3.3053
3.17108,-3.31141
3.17359,-3.31752
3.17609,-3.32363
3.17858,-3.32973
3.18108,-3.33583
3.18357,-3.34192
3.18606,-3.34802
3.18854,-3.35411
3.19103,-3.3602
3.19351,-3.36628
3.19598,-3.37236
3.19846,-3.37844
3.20093,-3.38452
3.2034,-3.39059
3.20586,-3.39666
3.20832,-3.40273
3.21078,-3.40879
3.21324,-3.41485
3.2157,-3.42091
3.21815,-3.42696
3.2206,-3.43302
3.22304,-3.43907
3.22549,-3.44511
3.22793,-3.45116
3.23037,-3.4572
3.2328,-3.46323
3.23523,-3.46927
3.23766,-3.4753
3.24009,-3.48133
3.24252,-3.48735
3.24494,-3.49338
3.24736,-3.4994
3.24977,-3.50541
3.25219,-3.51143
3.2546,-3.51744
3.25701,-3.52345
3.25941,-3.52946
3.26182,-3.53546
3.26422,-3.54146
3.26662,-3.54746
3.26901,-3.55345
3.27141,-3.55944
3.2738,-3.56543
3.27618,-3.57142
3.27857,-3.5774
3.28095,-3.58338
3.28333,-3.58936
3.28571,-3.59534
3.28809,-3.60131
3.29046,-3.60728
3.29283,-3.61324
3.2952,-3.61921
3.29756,-3.62517
3.29992,-3.63113
3.30228,-3.63708
3.30464,-3.64304
3.307,-3.64899
3.30935,-3.65494
3.3117,-3.66088
3.31405,-3.66682
3.31639,-3.67276
3.31874,-3.6787
3.32108,-3.68463
3.32342,-3.69056
3.32575,-3.69649
3.32808,-3.70242
3.33042,-3.70834
3.33274,-3.71426
3.33507,-3.72018
3.33739,-3.7261
3.33972,-3.73201
3.34203,-3.73792
3.34435,-3.74383
3.34667,-3.74973
3.34898,-3.75563
3.35129,-3.76153
3.35359,-3.76743
3.3559,-3.77333
3.3582,-3.77922
3.3605,-3.78511
3.3628,-3.79099
3.3651,-3.79688
3.36739,-3.80276
3.36968,-3.80864
3.37197,-3.81451
3.37426,-3.82039
3.37654,-3.82626
3.37882,-3.83213
3.3811,-3.83799
3.38338,-3.84385
3.38565,-3.84972
3.38793,-3.85557
3.3902,-3.86143
3.39247,-3.86728
3.39473,-3.87313
3.397,-3.87898
3.39926,-3.88483
3.40152,-3.89067
3.40378,-3.89651
3.40603,-3.90235
3.40829,-3.90818
3.41054,-3.91402
3.41278,-3.91985
3.41503,-3.92568
3.41728,-3.9315
3.41952,-3.93732
3.42176,-3.94315
3.424,-3.94896
3.42623,-3.95478
3.42847,-3.96059
3.4307,-3.9664
3.43293,-3.97221
3.43515,-3.97802
3.43738,-3.98382
3.4396,-3.98962
3.44182,-3.99542
3.44404,-4.00122
3.44626,-4.00701
3.44848,-4.0128
3.45069,-4.01859
3.4529,-4.02438
3.45511,-4.03016
3.45731,-4.03594
3.45952,-4.04172
3.46172,-4.0475
3.46392,-4.05328
3.46612,-4.05905
3.46832,-4.06482
3.47051,-4.07059
3.4727,-4.07635
3.47489,-4.08211
3.47708,-4.08787
3.47927,-4.09363
3.48145,-4.09939
3.48364,-4.10514
3.48582,-4.11089
3.48799,-4.11664
3.49017,-4.12239
3.49235,-4.12813
3.49452,-4.13387
3.49669,-4.13961
3.49886,-4.14535
3.50102,-4.15108
3.50319,-4.15682
3.50535,-4.16255
3.50751,-4.16827
3.50967,-4.174
3.51183,-4.17972
3.51398,-4.18544
3.51614,-4.19116
3.51829,-4.19688
3.52044,-4.20259
3.52258,-4.20831
3.52473,-4.21402
3.52687,-4.21972
3.52902,-4.22543
3.53116,-4.23113
3.53329,-4.23683
3.53543,-4.24253
3.53756,-4.24823
3.5397,-4.25392
3.54183,-4.25961
3.54396,-4.2653
3.54608,-4.27099
3.54821,-4.27667
3.55033,-4.28235
3.55245,-4.28804
3.55457,-4.29371
3.55669,-4.29939
3.5588,-4.30506
3.56092,-4.31074
3.56303,-4.3164
3.56514,-4.32207
3.56725,-4.32774
3.56936,-4.3334
3.57146,-4.33906
3.57356,-4.34472
3.57567,-4.35038
3.57777,-4.35603
3.57986,-4.36168
3.58196,-4.36733
3.58405,-4.37298
3.58615,-4.37862
3.58824,-4.38427
3.59033,-4.38991
3.59241,-4.39555
3.5945,-4.40119
3.59658,-4.40682
3.59866,-4.41245
3.60074,-4.41808
3.60282,-4.42371
3.6049,-4.42934
3.60697,-4.43496
3.60905,-4.44058
3.61112,-4.4462
3.61319,-4.45182
3.61526,-4.45744
3.61732,-4.46305
3.61939,-4.46866
3.62145,-4.47427
3.62351,-4.47988
3.62557,-4.48549
3.62763,-4.49109
3.62969,-4.49669
3.63174,-4.50229
3.6338,-4.50789
3.63585,-4.51348
3.6379,-4.51907
3.63995,-4.52467
3.64199,-4.53025
3.64404,-4.53584
3.64608,-4.54143
3.64812,-4.54701
3.65016,-4.55259
3.6522,-4.55817
3.65424,-4.56374
3.65627,-4.56932
3.6583,-4.57489
3.66034,-4.58046
3.66237,-4.58603
3.66439,-4.5916
3.66642,-4.59716
3.66845,-4.60272
3.67047,-4.60828
3.67249,-4.61384
3.67451,-4.6194
3.67653,-4.62495
3.67855,-4.63051
3.68057,-4.63606
3.68258,-4.6416
3.68459,-4.64715
3.6866,-4.65269
3.68861,-4.65824
3.69062,-4.66378
3.69263,-4.66932
3.69463,-4.67485
3.69663,-4.68039
3.69864,-4.68592
3.70064,-4.69145
3.70264,-4.69698
3.70463,-4.70251
3.70663,-4.70803
3.70862,-4.71355
3.71061,-4.71907
3.71261,-4.72459
3.71459,-4.73011
3.71658,-4.73563
3.71857,-4.74114
3.72055,-4.74665
3.72254,-4.75216
3.72452,-4.75767
3.7265,-4.76317
3.72848,-4.76867
3.73046,-4.77418
3.73243,-4.77968
3.73441,-4.78517
3.73638,-4.79067
3.73835,-4.79616
3.74032,-4.80166
3.74229,-4.80715
3.74425,-4.81263
3.74622,-4.81812
3.74818,-4.8236
3.75015,-4.82909
3.75211,-4.83457
3.75407,-4.84005
3.75603,-4.84552
3.75798,-4.851
3.75994,-4.85647
3.76189,-4.86194
3.76384,-4.86741
3.76579,-4.87288
3.76774,-4.87835
3.76969,-4.88381
3.77164,-4.88927
3.77358,-4.89473
3.77553,-4.90019
3.77747,-4.90565
3.77941,-4.9111
3.78135,-4.91656
3.78329,-4.92201
3.78523,-4.92746
3.78716,-4.9329
3.78909,-4.93835
3.79103,-4.94379
3.79296,-4.94923
3.79489,-4.95467
3.79682,-4.96011
3.79874,-4.96555
3.80067,-4.97098
3.80259,-4.97642
3.80452,-4.98185
3.80644,-4.98728
3.80836,-4.9927
3.81028,-4.99813
3.81219,-5.00355
3.81411,-5.00898
3.81602,-5.0144
3.81794,-5.01981
3.81985,-5.02523
3.82176,-5.03065
3.82367,-5.03606
3.82558,-5.04147
3.82748,-5.04688
3.82939,-5.05229
3.83129,-5.05769
3.83319,-5.0631
3.8351,-5.0685
3.837,-5.0739
3.83889,-5.0793
3.84079,-5.0847
3.84269,-5.09009
3.84458,-5.09549
3.84648,-5.10088
3.84837,-5.10627
3.85026,-5.11166
3.85215,-5.11705
3.85404,-5.12243
3.85592,-5.12781
3.85781,-5.1332
3.85969,-5.13858
3.86157,-5.14395
3.86346,-5.14933
3.86534,-5.15471
3.86722,-5.16008
3.86909,-5.16545
3.87097,-5.17082
3.87284,-5.17619
3.87472,-5.18155
3.87659,-5.18692
3.87846,-5.19228
3.88033,-5.19764
3.8822,-5.203
3.88407,-5.20836
3.88594,-5.21372
3.8878,-5.21907
3.88966,-5.22442
3.89153,-5.22977
3.89339,-5.23512
3.89525,-5.24047
3.89711,-5.24582
3.89896,-5.25116
3.90082,-5.2565
3.90268,-5.26184
3.90453,-5.26718
3.90638,-5.27252
3.90823,-5.27786
3.91008,-5.28319
3.91193,-5.28852
3.91378,-5.29386
3.91563,-5.29918
3.91747,-5.30451
3.91931,-5.30984
3.92116,-5.31516
3.923,-5.32049
3.92484,-5.32581
3.92668,-5.33113
3.92852,-5.33644
3.93035,-5.34176
3.93219,-5.34707
3.93402,-5.35239
3.93586,-5.3577
3.93769,-5.36301
3.93952,-5.36832
3.94135,-5.37362
3.94318,-5.37893
3.945,-5.38423
3.94683,-5.38953
3.94865,-5.39483
3.95048,-5.40013
3.9523,-5.40543
3.95412,-5.41072
3.95594,-5.41602
3.95776,-5.42131
3.95958,-5.4266
3.9614,-5.43189
3.96321,-5.43718
3.96503,-5.44246
3.96684,-5.44775
3.96865,-5.45303
3.97046,-5.45831
3.97227,-5.46359
3.97408,-5.46887
3.97589,-5.47414
3.97769,-5.47942
3.9795,-5.48469
3.9813,-5.48996
3.98311,-5.49523
3.98491,-5.5005
3.98671,-5.50577
3.98851,-5.51103
3.99031,-5.51629
3.9921,-5.52156
3.9939,-5.52682
3.9957,-5.53208
3.99749,-5.53733
3.99928,-5.54259
4.00107,-5.54784
4.00286,-5.5531
4.00465,-5.55835
4.00644,-5.5636
4.00823,-5.56885
4.01002,-5.57409
4.0118,-5.57934
4.01358,-5.58458
4.01537,-5.58982
4.01715,-5.59506
4.01893,-5.6003
4.02071,-5.60554
4.02249,-5.61078
4.02427,-5.61601
4.02604,-5.62124
4.02782,-5.62648
4.02959,-5.6317
4.03136,-5.63693
4.03314,-5.64216
4.03491,-5.64739
4.03668,-5.65261
4.03845,-5.65783
4.04021,-5.66305
4.04198,-5.66827
4.04375,-5.67349
4.04551,-5.67871
4.04727,-5.68392
4.04904,-5.68913
4.0508,-5.69435
4.05256,-5.69956
4.05432,-5.70477
4.05607,-5.70997
4.05783,-5.71518
4.05959,-5.72038
4.06134,-5.72559
4.0631,-5.73079
4.06485,-5.73599
4.0666,-5.74119
4.06835,-5.74638
4.0701,-5.75158
4.07185,-5.75677
4.0736,-5.76197
4.07534,-5.76716
4.07709,-5.77235
4.07884,-5.77754
4.08058,-5.78272
4.08232,-5.78791
4.08406,-5.79309
4.0858,-5.79828
4.08754,-5.80346
4.08928,-5.80864
4.09102,-5.81381
4.09276,-5.81899
4.09449,-5.82417
4.09623,-5.82934
4.09796,-5.83451
4.09969,-5.83968
4.10142,-5.84485
4.10315,-5.85002
4.10488,-5.85519
4.10661,-5.86035
4.10834,-5.86552
4.11006,-5.87068
4.11179,-5.87584
4.11351,-5.881
4.11524,-5.88616
4.11696,-5.89132
4.11868,-5.89647
4.1204,-5.90163
4.12212,-5.90678
4.12384,-5.91193
4.12556,-5.91708
4.12728,-5.92223
4.12899,-5.92738
4.13071,-5.93252
4.13242,-5.93767
4.13413,-5.94281
4.13584,-5.94795
4.13755,-5.95309
4.13926,-5.95823
4.14097,-5.96337
4.14268,-5.9685
4.14439,-5.97364
4.14609,-5.97877
4.1478,-5.9839
4.1495,-5.98903
4.15121,-5.99416
4.15291,-5.99929
4.15461,-6.00441
4.15631,-6.00954
4.15801,-6.01466
4.15971,-6.01978
4.1614,-6.02491
4.1631,-6.03002
4.1648,-6.03514
4.16649,-6.04026
4.16818,-6.04537
4.16988,-6.05049
4.17157,-6.0556
4.17326,-6.06071
4.17495,-6.06582
4.17664,-6.07093
4.17833,-6.07604
4.18001,-6.08114
4.1817,-6.08625
4.18339,-6.09135
4.18507,-6.09645
4.18675,-6.10155
4.18844,-6.10665
4.19012,-6.11175
4.1918,-6.11685
4.19348,-6.12194
4.19516,-6.12704
4.19683,-6.13213
4.19851,-6.13722
4.20019,-6.14231
4.20186,-6.1474
4.20354,-6.15248
4.20521,-6.15757
4.20688,-6.16265
4.20855,-6.16774
4.21022,-6.17282
4.21189,-6.1779
4.21356,-6.18298
4.21523,-6.18806
4.2169,-6.19313
4.21856,-6.19821
4.22023,-6.20328
4.22189,-6.20835
4.22356,-6.21343
4.22522,-6.2185
4.22688,-6.22357
4.22854,-6.22863
4.2302,-6.2337
4.23186,-6.23876
4.23352,-6.24383
4.23518,-6.24889
4.23683,-6.25395
4.23849,-6.25901
4.24015,-6.26407
4.2418,-6.26913
4.24345,-6.27418
4.2451,-6.27924
4.24676,-6.28429
4.24841,-6.28934
4.25006,-6.29439
4.2517,-6.29944
4.25335,-6.30449
4.255,-6.30954
4.25664,-6.31458
4.25829,-6.31963
4.25993,-6.32467
4.26158,-6.32971
4.26322,-6.33475
4.26486,-6.33979
4.2665,-6.34483
4.26814,-6.34986
4.26978,-6.3549
4.27142,-6.35993
4.27306,-6.36497
4.2747,-6.37
4.27633,-6.37503
4.27797,-6.38006
4.2796,-6.38509
4.28123,-6.39011
4.28287,-6.39514
4.2845,-6.40016
4.28613,-6.40519
4.28776,-6.41021
4.28939,-6.41523
4.29102,-6.42025
4.29264,-6.42526
4.29427,-6.43028
4.2959,-6.4353
4.29752,-6.44031
4.29915,-6.44532
4.30077,-6.45034
4.30239,-6.45535
4.30401,-6.46036
4.30564,-6.46536
4.30726,-6.47037
4.30888,-6.47538
4.31049,-6.48038
4.31211,-6.48538
4.31373,-6.49039
4.31534,-6.49539
4.31696,-6.50039
4.31857,-6.50538
4.32019,-6.51038
4.3218,-6.51538
4.32341,-6.52037
4.32502,-6.52536
4.32663,-6.53036
4.32824,-6.53535
4.32985,-6.54034
4.33146,-6.54533
4.33307,-6.55031
4.33467,-6.5553
4.33628,-6.56028
4.33789,-6.56527
4.33949,-6.57025
4.34109,-6.57523
4.3427,-6.58021
4.3443,-6.58519
4.3459,-6.59017
4.3475,-6.59515
4.3491,-6.60012
4.3507,-6.6051
4.35229,-6.61007
4.35389,-6.61504
4.35549,-6.62001
4.35708,-6.62498
4.35868,-6.62995
4.36027,-6.63492
4.36186,-6.63988
4.36346,-6.64485
4.36505,-6.64981
4.36664,-6.65477
4.36823,-6.65973
4.36982,-6.66469
4.37141,-6.66965
4.37299,-6.67461
4.37458,-6.67957
4.37617,-6.68452
4.37775,-6.68948
4.37934,-6.69443
4.38092,-6.69938
4.3825,-6.70433
4.38409,-6.70928
4.38567,-6.71423
4.38725,-6.71918
4.38883,-6.72412
4.39041,-6.72907
4.39199,-6.73401
4.39357,-6.73895
4.39514,-6.7439
4.39672,-6.74884
4.39829,-6.75378
4.39987,-6.75871
4.40144,-6.76365
4.40302,-6.76859
4.40459,-6.77352
4.40616,-6.77845
4.40773,-6.78339
4.4093,-6.78832
4.41087,-6.79325
4.41244,-6.79818
4.41401,-6.8031
4.41558,-6.80803
4.41714,-6.81296
4.41871,-6.81788
4.42028,-6.8228
4.42184,-6.82773
4.4234,-6.83265
4.42497,-6.83757
4.42653,-6.84249
4.42809,-6.8474
4.42965,-6.85232
4.43121,-6.85723
4.43277,-6.86215
4.43433,-6.86706
4.43589,-6.87197
4.43745,-6.87688
4.439,-6.88179
4.44056,-6.8867
4.44211,-6.89161
4.44367,-6.89652
4.44522,-6.90142
4.44677,-6.90633
4.44833,-6.91123
4.44988,-6.91613
4.45143,-6.92103
4.45298,-6.92593
4.45453,-6.93083
4.45608,-6.93573
4.45763,-6.94062
4.45917,-6.94552
4.46072,-6.95041
4.46227,-6.95531
4.46381,-6.9602
4.46535,-6.96509
4.4669,-6.96998
4.46844,-6.97487
4.46998,-6.97976
4.47153,-6.98464
4.47307,-6.98953
4.47461,-6.99441
4.47615,-6.9993
4.47769,-7.00418
4.47922,-7.00906
4.48076,-7.01394
4.4823,-7.01882
4.48383,-7.0237
4.48537,-7.02857
4.4869,-7.03345
4.48844,-7.03832
4.48997,-7.0432
4.4915,-7.04807
4.49304,-7.05294
4.49457,-7.05781
4.4961,-7.06268
4.49763,-7.06755
4.49916,-7.07242
4.50069,-7.07728
4.50221,-7.08215
4.50374,-7.08701
4.50527,-7.09187
4.50679,-7.09674
4.50832,-7.1016
4.50984,-7.10646
4.51137,-7.11132
4.51289,-7.11617
4.51441,-7.12103
4.51594,-7.12588
4.51746,-7.13074
4.51898,-7.13559
4.5205,-7.14044
4.52202,-7.1453
4.52353,-7.15015
4.52505,-7.155
4.52657,-7.15984
4.52809,-7.16469
4.5296,-7.16954
4.53112,-7.17438
4.53263,-7.17923
4.53415,-7.18407
4.53566,-7.18891
4.53717,-7.19375
