0.01,0
0.009999,0
0.009996,5.9976e-08
0.00999101,2.39879e-07
0.00998402,5.99607e-07
0.00997504,1.19899e-06
0.00996409,2.09773e-06
0.00995117,3.35545e-06
0.00993629,5.03156e-06
0.00991946,7.18535e-06
0.0099007,9.87585e-06
0.00988002,1.31619e-05
0.00985744,1.71021e-05
0.00983298,2.17547e-05
0.00980666,2.71776e-05
0.0097785,3.34286e-05
0.00974852,4.05649e-05
0.00971676,4.86434e-05
0.00968324,5.77206e-05
0.00964799,6.78524e-05
0.00961103,7.90946e-05
0.0095724,9.15021e-05
0.00953214,0.000105129
0.00949028,0.000120031
0.00944685,0.000136259
0.0094019,0.000153868
0.00935547,0.000172909
0.0093076,0.000193433
0.00925832,0.000215492
0.0092077,0.000239136
0.00915577,0.000264414
0.00910258,0.000291374
0.00904819,0.000320064
0.00899264,0.000350531
0.00893599,0.000382822
0.0088783,0.00041698
0.00881962,0.000453051
0.00876002,0.000491077
0.00869954,0.0005311
0.00863826,0.000573162
0.00857623,0.000617303
0.00851353,0.000663562
0.00845022,0.000711975
0.00838636,0.000762581
0.00832204,0.000815414
0.00825731,0.000870508
0.00819227,0.000927897
0.00812697,0.000987612
0.0080615,0.00104968
0.00799593,0.00111414
0.00793035,0.001181
0.00786484,0.00125031
0.00779948,0.00132208
0.00773436,0.00139633
0.00766957,0.00147309
0.00760518,0.00155237
0.0075413,0.0016342
0.00747802,0.00171858
0.00741542,0.00180554
0.00735361,0.00189509
0.00729268,0.00198723
0.00723273,0.00208198
0.00717386,0.00217934
0.00711617,0.00227931
0.00705977,0.00238191
0.00700476,0.00248713
0.00695124,0.00259496
0.00689933,0.00270541
0.00684913,0.00281846
0.00680077,0.00293412
0.00675434,0.00305236
0.00670996,0.00317318
0.00666776,0.00329656
0.00662785,0.00342248
0.00659034,0.00355093
0.00655537,0.00368186
0.00652305,0.00381527
0.00649351,0.00395112
0.00646686,0.00408938
0.00644326,0.00423002
0.00642281,0.00437299
0.00640565,0.00451826
0.00639191,0.00466578
0.00638173,0.0048155
0.00637525,0.00496737
0.00637259,0.00512135
0.0063739,0.00527737
0.00637932,0.00543537
0.00638899,0.00559528
0.00640305,0.00575705
0.00642165,0.00592059
0.00644493,0.00608583
0.00647304,0.00625269
0.00650614,0.00642109
0.00654436,0.00659094
0.00658787,0.00676214
0.00663682,0.00693461
0.00669136,0.00710823
0.00675165,0.00728291
0.00681784,0.00745853
0.00689011,0.00763498
0.00696861,0.00781214
0.00705349,0.00798989
0.00714494,0.00816808
0.00724311,0.0083466
0.00734817,0.00852529
0.00746029,0.00870401
0.00757965,0.00888262
0.0077064,0.00906094
0.00784074,0.00923882
0.00798283,0.00941608
0.00813285,0.00959256
0.00829097,0.00976806
0.00845739,0.0099424
0.00863228,0.0101154
0.00881583,0.0102868
0.00900821,0.0104564
0.00920963,0.0106241
0.00942026,0.0107895
0.0096403,0.0109524
0.00986994,0.0111127
0.0101094,0.01127
0.0103588,0.0114241
0.0106184,0.0115746
0.0108884,0.0117215
0.011169,0.0118642
0.0114604,0.0120026
0.0117628,0.0121364
0.0120763,0.0122651
0.0124013,0.0123885
0.012738,0.0125062
0.0130864,0.0126179
0.0134469,0.0127232
0.0138197,0.0128217
0.014205,0.012913
0.014603,0.0129967
0.0150139,0.0130723
0.0154379,0.0131395
0.0158754,0.0131977
0.0163264,0.0132465
0.0167913,0.0132854
0.0172703,0.0133138
0.0177636,0.0133313
0.0182714,0.0133372
0.018794,0.013331
0.0193315,0.0133121
0.0198844,0.0132798
0.0204527,0.0132336
0.0210367,0.0131726
0.0216367,0.0130963
0.0222529,0.0130039
0.0228854,0.0128947
0.0235347,0.0127677
0.0242009,0.0126223
0.0248841,0.0124576
0.0255848,0.0122726
0.026303,0.0120664
0.027039,0.0118381
0.027793,0.0115867
0.0285652,0.011311
0.0293558,0.01101
0.030165,0.0106826
0.0309929,0.0103276
0.0318399,0.00994366
0.0327059,0.00952955
0.0335911,0.00908392
0.0344957,0.00860534
0.0354198,0.00809236
0.0363634,0.00754345
0.0373265,0.00695702
0.0383093,0.0063314
0.0393118,0.00566486
0.0403338,0.00495562
0.0413754,0.00420178
0.0424363,0.0034014
0.0435166,0.00255245
0.0446159,0.00165281
0.0457341,0.000700297
0.0468708,-0.000307387
0.0480257,-0.00137261
0.0491983,-0.00249784
0.0503882,-0.00368564
0.0515947,-0.00493866
0.0528172,-0.00625966
0.054055,-0.0076515
0.0553071,-0.00911713
0.0565728,-0.0106596
0.0578508,-0.0122821
0.0591399,-0.013988
0.060439,-0.0157805
0.0617465,-0.0176632
0.0630607,-0.0196397
0.0643801,-0.0217137
0.0657025,-0.023889
0.0670259,-0.0261696
0.068348,-0.0285595
0.0696663,-0.0310629
0.0709779,-0.033684
0.0722801,-0.0364271
0.0735696,-0.0392969
0.0748428,-0.0422977
0.0760961,-0.0454343
0.0773254,-0.0487114
0.0785263,-0.0521339
0.0796943,-0.0557066
0.0808242,-0.0594345
0.0819108,-0.0633226
0.0829481,-0.0673762
0.0839301,-0.0716001
0.08485,-0.0759997
0.085701,-0.0805801
0.0864753,-0.0853465
0.0871649,-0.090304
0.0877613,-0.0954577
0.0882553,-0.100813
0.0886371,-0.106374
0.0888962,-0.112147
0.0890217,-0.118135
0.0890018,-0.124344
0.0888239,-0.130778
0.0884747,-0.13744
0.0879401,-0.144336
0.0872049,-0.151467
0.0862533,-0.158838
0.0850683,-0.166451
0.0836318,-0.174307
0.0819246,-0.182408
0.0799267,-0.190754
0.0776162,-0.199346
0.0749706,-0.20818
0.0719656,-0.217256
0.0685755,-0.226569
0.0647733,-0.236113
0.0605305,-0.24588
0.0558169,-0.255862
0.0506007,-0.266046
0.0448486,-0.276417
0.0385258,-0.286957
0.031596,-0.297644
0.0240216,-0.308453
0.0157639,-0.319352
0.00678346,-0.330306
-0.00295932,-0.34127
-0.0135038,-0.352197
-0.024888,-0.363029
-0.0371477,-0.3737
-0.0503148,-0.384136
-0.0644158,-0.394252
-0.0794695,-0.403955
-0.0954848,-0.413139
-0.112458,-0.421693
-0.130368,-0.429497
-0.149177,-0.436427
-0.168825,-0.442355
-0.18923,-0.44716
-0.210283,-0.450729
-0.231857,-0.452964
-0.253801,-0.453787
-0.275952,-0.453147
-0.298136,-0.451024
-0.320179,-0.447428
-0.341915,-0.442401
-0.363188,-0.43601
-0.383861,-0.428347
-0.403822,-0.419521
-0.422978,-0.409649
-0.441263,-0.398856
-0.458628,-0.387265
-0.475048,-0.374997
-0.490511,-0.362164
-0.50502,-0.348873
-0.518587,-0.335219
-0.531232,-0.321288
-0.542983,-0.307159
-0.553869,-0.2929
-0.563925,-0.27857
-0.573183,-0.264222
-0.58168,-0.249904
-0.58945,-0.235653
-0.596528,-0.221507
-0.602946,-0.207493
-0.608738,-0.19364
-0.613934,-0.17997
-0.618565,-0.166501
-0.622657,-0.153252
-0.62624,-0.140238
-0.629337,-0.127471
-0.631974,-0.114962
-0.634174,-0.102722
-0.635958,-0.0907584
-0.637348,-0.0790798
-0.638364,-0.0676924
-0.639023,-0.0566021
-0.639345,-0.0458143
-0.639346,-0.0353335
-0.639043,-0.025164
-0.638452,-0.0153097
-0.637587,-0.00577391
-0.636464,0.0034401
-0.635095,0.0123294
-0.633495,0.0208912
-0.631676,0.029123
-0.629651,0.0370221
-0.627432,0.0445864
-0.625032,0.0518133
-0.622461,0.0587008
-0.619732,0.0652465
-0.616855,0.0714482
-0.613842,0.0773037
-0.610704,0.0828109
-0.607451,0.0879674
-0.604094,0.0927709
-0.600645,0.0972193
-0.597113,0.10131
-0.593511,0.105041
-0.589848,0.108409
-0.586137,0.111413
-0.582388,0.114049
-0.578613,0.116315
-0.574823,0.118208
-0.571031,0.119726
-0.567248,0.120866
-0.563489,0.121625
-0.559765,0.122
-0.556091,0.12199
-0.552481,0.12159
-0.548949,0.120798
-0.545511,0.119612
-0.542183,0.11803
-0.538983,0.116048
-0.535927,0.113665
-0.533036,0.110879
-0.530328,0.107688
-0.527826,0.104092
-0.525551,0.100089
-0.523527,0.0956795
-0.52178,0.0908647
-0.520336,0.0856459
-0.519225,0.0800262
-0.518476,0.0740097
-0.518123,0.0676022
-0.518199,0.0608117
-0.518743,0.0536482
-0.519793,0.0461248
-0.52139,0.0382578
-0.52358,0.0300673
-0.526408,0.0215782
-0.529923,0.0128207
-0.534175,0.00383142
-0.539216,-0.00534576
-0.545098,-0.0146586
-0.551872,-0.0240453
-0.559589,-0.0334337
-0.568294,-0.0427398
-0.578028,-0.0518675
-0.588821,-0.0607081
-0.600693,-0.0691406
-0.613646,-0.0770332
-0.627663,-0.0842452
-0.642704,-0.0906311
-0.658703,-0.0960459
-0.675565,-0.100351
-0.693169,-0.103421
-0.711369,-0.105152
-0.73,-0.105467
-0.748884,-0.10432
-0.767839,-0.1017
-0.786686,-0.0976275
-0.805258,-0.0921553
-0.823406,-0.0853599
-0.841,-0.0773374
-0.857936,-0.0681972
-0.87413,-0.0580554
-0.889522,-0.0470304
-0.904069,-0.0352386
-0.917748,-0.0227913
-0.930548,-0.00979335
-0.942469,0.00365861
-0.953521,0.0174763
-0.963722,0.0315799
-0.973091,0.0458979
-0.981655,0.0603665
-0.989441,0.0749289
-0.996478,0.089535
-1.00279,0.10414
-1.00842,0.118706
-1.01339,0.133198
-1.01773,0.147585
-1.02146,0.161841
-1.02462,0.175943
-1.02723,0.189869
-1.02931,0.203602
-1.0309,0.217125
-1.03201,0.230424
-1.03267,0.243486
-1.03289,0.256301
-1.03271,0.268858
-1.03214,0.281148
-1.03119,0.293163
-1.02988,0.304897
-1.02824,0.316342
-1.02628,0.327493
-1.02401,0.338345
-1.02146,0.348893
-1.01862,0.359132
-1.01553,0.369059
-1.01219,0.378669
-1.00861,0.38796
-1.00481,0.396927
-1.0008,0.405568
-0.996597,0.41388
-0.992205,0.421859
-0.987639,0.429504
-0.982909,0.436811
-0.978028,0.443778
-0.973004,0.450402
-0.967851,0.456681
-0.962577,0.462612
-0.957194,0.468192
-0.951712,0.473419
-0.946142,0.478291
-0.940493,0.482804
-0.934777,0.486956
-0.929005,0.490745
-0.923186,0.494168
-0.917332,0.497221
-0.911453,0.499902
-0.905562,0.502209
-0.89967,0.504138
-0.893787,0.505686
-0.887928,0.50685
-0.882103,0.507627
-0.876327,0.508015
-0.870612,0.508009
-0.864973,0.507608
-0.859424,0.506807
-0.853981,0.505605
-0.848659,0.503997
-0.843476,0.501982
-0.838449,0.499556
-0.833598,0.496718
-0.828941,0.493465
-0.8245,0.489795
-0.820298,0.485708
-0.816358,0.481202
-0.812707,0.476278
-0.80937,0.470936
-0.806376,0.465179
-0.803758,0.45901
-0.801548,0.452433
-0.799781,0.445456
-0.798496,0.438089
-0.797733,0.430341
-0.797534,0.42223
-0.797946,0.413775
-0.799018,0.404999
-0.8008,0.395933
-0.803345,0.386612
-0.806709,0.377082
-0.810947,0.367395
-0.816116,0.357615
-0.822269,0.347817
-0.829458,0.338089
-0.837727,0.328533
-0.847111,0.319266
-0.85763,0.310416
-0.869288,0.302127
-0.882067,0.294551
-0.89592,0.287846
-0.910773,0.282168
-0.926517,0.277665
-0.943017,0.274468
-0.960109,0.272683
-0.97761,0.272383
-0.995325,0.273605
-1.01306,0.276348
-1.03063,0.280574
-1.04785,0.286214
-1.06459,0.293175
-1.08071,0.301345
-1.09613,0.310603
-1.11075,0.320824
-1.12454,0.331882
-1.13747,0.343657
-1.14951,0.356037
-1.16066,0.368918
-1.17094,0.382203
-1.18035,0.395809
-1.18893,0.409657
-1.19669,0.423681
-1.20366,0.43782
-1.20988,0.452022
-1.21537,0.466238
-1.22016,0.48043
-1.22429,0.49456
-1.22779,0.508598
-1.23068,0.522515
-1.23299,0.536288
-1.23475,0.549894
-1.23599,0.563316
-1.23672,0.576536
-1.23698,0.589541
-1.23679,0.602317
-1.23616,0.614852
-1.23512,0.627137
-1.23369,0.639163
-1.23189,0.650921
-1.22973,0.662404
-1.22724,0.673606
-1.22442,0.684521
-1.2213,0.695144
-1.21789,0.705469
-1.2142,0.715492
-1.21025,0.725209
-1.20605,0.734617
-1.20161,0.743711
-1.19696,0.752488
-1.19209,0.760946
-1.18702,0.769081
-1.18177,0.77689
-1.17634,0.78437
-1.17074,0.791519
-1.16499,0.798335
-1.1591,0.804813
-1.15308,0.810953
-1.14693,0.81675
-1.14067,0.822203
-1.13431,0.827309
-1.12785,0.832066
-1.12132,0.83647
-1.11471,0.840519
-1.10804,0.844211
-1.10133,0.847542
-1.09457,0.850509
-1.08778,0.85311
-1.08097,0.855342
-1.07416,0.857202
-1.06735,0.858686
-1.06056,0.859791
-1.05379,0.860515
-1.04706,0.860855
-1.04039,0.860806
-1.03378,0.860366
-1.02726,0.859531
-1.02082,0.858298
-1.0145,0.856664
-1.00831,0.854626
-1.00225,0.852181
-0.996364,0.849326
-0.990652,0.846059
-0.98514,0.842376
-0.97985,0.838277
-0.974803,0.833759
-0.970024,0.828821
-0.965538,0.823464
-0.961373,0.817688
-0.957558,0.811495
-0.954126,0.804888
-0.951108,0.797871
-0.948542,0.790451
-0.946467,0.782638
-0.944923,0.774442
-0.943955,0.76588
-0.943609,0.756972
-0.943936,0.74774
-0.944988,0.738217
-0.946821,0.728438
-0.949489,0.71845
-0.953053,0.708308
-0.957569,0.698076
-0.963093,0.687835
-0.969678,0.677674
-0.977368,0.667701
-0.986199,0.658036
-0.996191,0.648816
-1.00734,0.640189
-1.01963,0.632314
-1.03301,0.625354
-1.04739,0.61947
-1.06265,0.614811
-1.07866,0.611508
-1.09522,0.609663
-1.11216,0.609342
-1.12926,0.610571
-1.14633,0.613338
-1.16318,0.617593
-1.17963,0.623257
-1.19555,0.630225
-1.21082,0.638377
-1.22534,0.647588
-1.23905,0.657726
-1.25191,0.668666
-1.26388,0.680286
-1.27496,0.692476
-1.28516,0.705131
-1.29448,0.71816
-1.30294,0.731478
-1.31057,0.745013
-1.3174,0.758699
-1.32346,0.772479
-1.32877,0.786301
-1.33337,0.800121
-1.33728,0.813901
-1.34055,0.827607
-1.3432,0.841209
-1.34526,0.854681
-1.34675,0.867999
-1.3477,0.881145
-1.34815,0.8941
-1.3481,0.906848
-1.3476,0.919377
-1.34665,0.931674
-1.34528,0.943728
-1.34351,0.955529
-1.34136,0.96707
-1.33885,0.978343
-1.33599,0.98934
-1.33281,1.00006
-1.32931,1.01049
-1.32552,1.02062
-1.32144,1.03046
-1.3171,1.04
-1.3125,1.04924
-1.30767,1.05816
-1.3026,1.06678
-1.29732,1.07508
-1.29183,1.08306
-1.28615,1.09072
-1.2803,1.09806
-1.27427,1.10507
-1.26808,1.11175
-1.26174,1.1181
-1.25526,1.12411
-1.24866,1.12979
-1.24194,1.13512
-1.23511,1.14012
-1.22818,1.14476
-1.22117,1.14907
-1.21408,1.15302
-1.20692,1.15661
-1.19971,1.15985
-1.19245,1.16274
-1.18515,1.16526
-1.17782,1.16741
-1.17049,1.1692
-1.16314,1.17062
-1.15581,1.17166
-1.14849,1.17232
-1.14121,1.17261
-1.13397,1.17251
-1.12678,1.17202
-1.11967,1.17114
-1.11264,1.16987
-1.10571,1.1682
-1.09889,1.16613
-1.0922,1.16366
-1.08566,1.16078
-1.07928,1.15749
-1.07309,1.15378
-1.06711,1.14967
-1.06135,1.14513
-1.05583,1.14018
-1.0506,1.1348
-1.04566,1.12901
-1.04105,1.12279
-1.03679,1.11616
-1.03293,1.10911
-1.02949,1.10165
-1.02651,1.09379
-1.02403,1.08554
-1.02209,1.0769
-1.02074,1.0679
-1.02003,1.05856
-1.02,1.04889
-1.02072,1.03894
-1.02223,1.02873
-1.0246,1.01833
-1.02788,1.00778
-1.03213,0.997152
-1.03741,0.986534
-1.04378,0.976017
-1.05127,0.965715
-1.05992,0.955752
-1.06974,0.946271
-1.08074,0.937425
-1.09287,0.929377
-1.10609,0.922293
-1.1203,0.916335
-1.13536,0.911652
-1.15112,0.908368
-1.1674,0.906578
-1.184,0.906337
-1.20071,0.90766
-1.21733,0.910522
-1.23368,0.914863
-1.24958,0.920592
-1.26491,0.927597
-1.27954,0.935754
-1.2934,0.944931
-1.30644,0.954999
-1.3186,0.965831
-1.32987,0.977308
-1.34026,0.989319
-1.34975,1.00176
-1.35838,1.01455
-1.36616,1.02761
-1.37312,1.04086
-1.37928,1.05424
-1.38469,1.06769
-1.38936,1.08117
-1.39333,1.09463
-1.39663,1.10805
-1.39929,1.12138
-1.40135,1.13459
-1.40283,1.14767
-1.40375,1.16059
-1.40415,1.17333
-1.40405,1.18587
-1.40347,1.19821
-1.40244,1.21032
-1.40097,1.2222
-1.3991,1.23383
-1.39683,1.24521
-1.39419,1.25633
-1.3912,1.26718
-1.38787,1.27775
-1.38421,1.28804
-1.38026,1.29804
-1.37601,1.30776
-1.37149,1.31717
-1.3667,1.32629
-1.36167,1.3351
-1.3564,1.34361
-1.35091,1.3518
-1.3452,1.35968
-1.3393,1.36724
-1.33321,1.37449
-1.32694,1.3814
-1.32051,1.388
-1.31392,1.39426
-1.30719,1.4002
-1.30032,1.4058
-1.29333,1.41106
-1.28623,1.41599
-1.27902,1.42057
-1.27171,1.42481
-1.26433,1.42871
-1.25687,1.43225
-1.24934,1.43544
-1.24176,1.43828
-1.23414,1.44075
-1.22648,1.44287
-1.2188,1.44462
-1.21111,1.446
-1.20341,1.44702
-1.19573,1.44766
-1.18807,1.44792
-1.18045,1.4478
-1.17287,1.4473
-1.16535,1.44641
-1.1579,1.44513
-1.15054,1.44346
-1.14329,1.44138
-1.13615,1.43891
-1.12914,1.43603
-1.12229,1.43275
-1.11561,1.42905
-1.10911,1.42494
-1.10283,1.42041
-1.09677,1.41547
-1.09097,1.41011
-1.08545,1.40432
-1.08024,1.39811
-1.07536,1.39149
-1.07085,1.38444
-1.06673,1.37698
-1.06305,1.36911
-1.05984,1.36084
-1.05714,1.35217
-1.055,1.34313
-1.05346,1.33372
-1.05257,1.32397
-1.05238,1.3139
-1.05295,1.30355
-1.05433,1.29297
-1.0566,1.28219
-1.05979,1.27128
-1.06398,1.26032
-1.06922,1.24938
-1.07556,1.23857
-1.08304,1.22801
-1.0917,1.21783
-1.10154,1.20817
-1.11256,1.1992
-1.12471,1.19108
-1.13793,1.18397
-1.15211,1.17804
-1.16711,1.17344
-1.18276,1.17027
-1.19887,1.16863
-1.21525,1.16855
-1.23166,1.17004
-1.24793,1.17306
-1.26387,1.17754
-1.27932,1.18338
-1.29415,1.19045
-1.30826,1.19865
-1.32158,1.20782
-1.33405,1.21784
-1.34564,1.22859
-1.35634,1.23994
-1.36615,1.2518
-1.37508,1.26406
-1.38315,1.27664
-1.39038,1.28945
-1.39679,1.30244
-1.40243,1.31554
-1.40732,1.3287
-1.41148,1.34188
-1.41496,1.35502
-1.41778,1.36811
-1.41998,1.3811
-1.42158,1.39397
-1.42261,1.40669
-1.42309,1.41925
-1.42307,1.43163
-1.42255,1.44381
-1.42156,1.45578
-1.42013,1.46752
-1.41827,1.47902
-1.41601,1.49028
-1.41337,1.50128
-1.41036,1.51202
-1.40701,1.52249
-1.40332,1.53269
-1.39932,1.5426
-1.39502,1.55223
-1.39043,1.56157
-1.38557,1.5706
-1.38046,1.57934
-1.3751,1.58778
-1.36951,1.59591
-1.36371,1.60373
-1.35769,1.61123
-1.35148,1.61842
-1.34509,1.62529
-1.33852,1.63184
-1.33179,1.63806
-1.32491,1.64395
-1.31789,1.64952
-1.31073,1.65475
-1.30346,1.65964
-1.29607,1.6642
-1.28858,1.66841
-1.281,1.67228
-1.27334,1.67581
-1.26561,1.67898
-1.25781,1.68181
-1.24997,1.68428
-1.24208,1.68638
-1.23416,1.68813
-1.22623,1.68952
-1.21828,1.69053
-1.21033,1.69118
-1.2024,1.69145
-1.19449,1.69135
-1.18662,1.69086
-1.1788,1.68999
-1.17104,1.68873
-1.16336,1.68708
-1.15577,1.68503
-1.14829,1.68258
-1.14092,1.67974
-1.1337,1.67648
-1.12663,1.67282
-1.11973,1.66875
-1.11303,1.66426
-1.10654,1.65935
-1.10029,1.65403
-1.0943,1.64828
-1.0886,1.64211
-1.08321,1.63552
-1.07817,1.62851
-1.0735,1.62108
-1.06923,1.61323
-1.06541,1.60498
-1.06208,1.59632
-1.05927,1.58726
-1.05702,1.57783
-1.0554,1.56805
-1.05444,1.55792
-1.0542,1.54748
-1.05474,1.53677
-1.05611,1.52584
-1.05838,1.51472
-1.0616,1.5035
-1.06584,1.49223
-1.07116,1.48103
-1.07759,1.46998
-1.08518,1.45923
-1.09396,1.44889
-1.10393,1.43912
-1.11507,1.43009
-1.12734,1.42197
-1.14064,1.41492
-1.15487,1.4091
-1.16988,1.40464
-1.18549,1.40166
-1.20149,1.40023
-1.21769,1.40037
-1.23386,1.40208
-1.24983,1.4053
-1.26541,1.40996
-1.28046,1.41593
-1.29485,1.42311
-1.3085,1.43136
-1.32133,1.44055
-1.3333,1.45054
-1.34439,1.46122
-1.35458,1.47247
-1.3639,1.48419
-1.37233,1.49628
-1.37992,1.50867
-1.38668,1.52127
-1.39263,1.53402
-1.39782,1.54687
-1.40227,1.55976
-1.40601,1.57265
-1.40908,1.58551
-1.4115,1.59829
-1.41331,1.61097
-1.41453,1.62352
-1.41519,1.63593
-1.41532,1.64816
-1.41494,1.66021
-1.41408,1.67206
-1.41276,1.68369
-1.41101,1.69509
-1.40884,1.70625
-1.40627,1.71717
-1.40333,1.72783
-1.40002,1.73823
-1.39638,1.74836
-1.3924,1.75821
-1.38812,1.76778
-1.38355,1.77706
-1.37869,1.78606
-1.37357,1.79475
-1.3682,1.80315
-1.36259,1.81124
-1.35675,1.81903
-1.35069,1.82651
-1.34443,1.83367
-1.33798,1.84052
-1.33135,1.84705
-1.32454,1.85325
-1.31758,1.85913
-1.31047,1.86469
-1.30322,1.86991
-1.29584,1.87481
-1.28834,1.87936
-1.28074,1.88358
-1.27303,1.88746
-1.26524,1.89099
-1.25737,1.89418
-1.24942,1.89702
-1.24142,1.8995
-1.23337,1.90163
-1.22528,1.9034
-1.21716,1.90481
-1.20903,1.90586
-1.20088,1.90653
-1.19275,1.90684
-1.18462,1.90677
-1.17653,1.90632
-1.16847,1.90549
-1.16047,1.90428
-1.15253,1.90267
-1.14467,1.90068
-1.13691,1.89828
-1.12925,1.89549
-1.12173,1.89229
-1.11434,1.88869
-1.10711,1.88467
-1.10006,1.88024
-1.09322,1.8754
-1.08659,1.87014
-1.0802,1.86445
-1.07409,1.85834
-1.06826,1.85181
-1.06276,1.84486
-1.05761,1.83748
-1.05285,1.82968
-1.0485,1.82147
-1.04461,1.81285
-1.04121,1.80382
-1.03835,1.79441
-1.03608,1.78461
-1.03444,1.77447
-1.03348,1.76399
-1.03326,1.75321
-1.03384,1.74216
-1.03528,1.7309
-1.03763,1.71948
-1.04096,1.70797
-1.04533,1.69645
-1.05079,1.68501
-1.05739,1.67377
-1.06517,1.66286
-1.07414,1.65242
-1.0843,1.6426
-1.09563,1.63357
-1.10807,1.62551
-1.12151,1.61857
-1.13584,1.61291
-1.1509,1.60867
-1.16649,1.60593
-1.18241,1.60476
-1.19845,1.60516
-1.21441,1.60712
-1.2301,1.61057
-1.24535,1.61542
-1.26002,1.62156
-1.27401,1.62885
-1.28722,1.63716
-1.2996,1.64637
-1.31112,1.65635
-1.32175,1.66697
-1.33149,1.67813
-1.34036,1.68972
-1.34835,1.70166
-1.35551,1.71387
-1.36184,1.72627
-1.36739,1.7388
-1.37218,1.75142
-1.37625,1.76406
-1.37962,1.77669
-1.38233,1.78927
-1.3844,1.80177
-1.38587,1.81416
-1.38676,1.82642
-1.38711,1.83853
-1.38693,1.85046
-1.38626,1.8622
-1.38511,1.87374
-1.38351,1.88506
-1.38148,1.89615
-1.37905,1.907
-1.37622,1.9176
-1.37302,1.92794
-1.36947,1.93802
-1.36558,1.94783
-1.36137,1.95737
-1.35686,1.96662
-1.35206,1.97559
-1.34698,1.98426
-1.34164,1.99264
-1.33605,2.00072
-1.33023,2.00849
-1.32418,2.01596
-1.31792,2.02312
-1.31146,2.02997
-1.30481,2.0365
-1.29798,2.04272
-1.29099,2.04861
-1.28384,2.05418
-1.27654,2.05942
-1.2691,2.06433
-1.26154,2.0689
-1.25386,2.07314
-1.24608,2.07705
-1.2382,2.08061
-1.23023,2.08383
-1.22219,2.0867
-1.21408,2.08922
-1.20591,2.09139
-1.19769,2.09321
-1.18944,2.09466
-1.18116,2.09576
-1.17287,2.09648
-1.16457,2.09684
-1.15627,2.09683
-1.148,2.09644
-1.13976,2.09567
-1.13155,2.09451
-1.12341,2.09297
-1.11533,2.09104
-1.10734,2.08872
-1.09944,2.086
-1.09166,2.08287
-1.084,2.07935
-1.07649,2.07541
-1.06915,2.07106
-1.06199,2.06629
-1.05504,2.06111
-1.04831,2.0555
-1.04183,2.04948
-1.03563,2.04302
-1.02973,2.03615
-1.02415,2.02884
-1.01894,2.02112
-1.01413,2.01297
-1.00974,2.00441
-1.00582,1.99543
-1.00241,1.98606
-0.999554,1.97629
-0.997296,1.96616
-0.995688,1.95567
-0.994783,1.94486
-0.994637,1.93375
-0.995309,1.92239
-0.99686,1.91083
-0.999351,1.89913
-1.00284,1.88736
-1.00739,1.87561
-1.01306,1.86397
-1.01988,1.85258
-1.02789,1.84155
-1.0371,1.83104
-1.04751,1.82122
-1.05907,1.81224
-1.07171,1.80429
-1.08532,1.79752
-1.09978,1.79208
-1.11489,1.78809
-1.13048,1.78563
-1.14633,1.78475
-1.16223,1.78544
-1.17798,1.78767
-1.1934,1.79137
-1.20833,1.79642
-1.22265,1.80272
-1.23624,1.81013
-1.24905,1.81852
-1.26101,1.82776
-1.2721,1.83772
-1.2823,1.84829
-1.29162,1.85936
-1.30007,1.87084
-1.30766,1.88263
-1.31442,1.89467
-1.32038,1.90688
-1.32555,1.91921
-1.32999,1.93159
-1.33371,1.944
-1.33674,1.95638
-1.33913,1.96871
-1.34089,1.98095
-1.34206,1.99307
-1.34267,2.00505
-1.34274,2.01687
-1.34229,2.02852
-1.34135,2.03997
-1.33995,2.05122
-1.33811,2.06224
-1.33584,2.07304
-1.33317,2.08359
-1.33012,2.09389
-1.3267,2.10394
-1.32294,2.11372
-1.31884,2.12323
-1.31443,2.13247
-1.30972,2.14142
-1.30472,2.15009
-1.29945,2.15846
-1.29393,2.16655
-1.28815,2.17433
-1.28215,2.1818
-1.27593,2.18898
-1.26949,2.19584
-1.26286,2.20239
-1.25605,2.20862
-1.24905,2.21454
-1.2419,2.22014
-1.23458,2.22541
-1.22713,2.23035
-1.21954,2.23496
-1.21182,2.23924
-1.204,2.24319
-1.19606,2.2468
-1.18804,2.25006
-1.17992,2.25298
-1.17174,2.25556
-1.16348,2.25778
-1.15518,2.25965
-1.14682,2.26117
-1.13844,2.26232
-1.13003,2.26311
-1.1216,2.26354
-1.11317,2.26359
-1.10476,2.26327
-1.09636,2.26258
-1.08799,2.2615
-1.07967,2.26004
-1.07141,2.25819
-1.06322,2.25595
-1.05512,2.25332
-1.04712,2.25028
-1.03923,2.24684
-1.03148,2.24299
-1.02388,2.23874
-1.01645,2.23406
-1.00921,2.22897
-1.00218,2.22346
-0.99538,2.21753
-0.988839,2.21117
-0.982579,2.20439
-0.97663,2.19718
-0.97102,2.18954
-0.96578,2.18147
-0.960946,2.17299
-0.956552,2.16409
-0.95264,2.15477
-0.94925,2.14506
-0.946428,2.13496
-0.944223,2.1245
-0.942686,2.11368
-0.941871,2.10255
-0.941836,2.09114
-0.942641,2.07948
-0.944348,2.06764
-0.947018,2.05568
-0.950712,2.04367
-0.955488,2.03172
-0.961398,2.01991
-0.968481,2.00839
-0.976764,1.99729
-0.986253,1.98675
-0.996929,1.97696
-1.00874,1.96808
-1.02161,1.96028
-1.03541,1.95371
-1.04999,1.94853
-1.06518,1.94483
-1.08076,1.94268
-1.09653,1.94211
-1.11229,1.94311
-1.12783,1.94563
-1.14298,1.94957
-1.15761,1.95484
-1.17157,1.9613
-1.1848,1.96883
-1.19721,1.97729
-1.20877,1.98656
-1.21946,1.99651
-1.22926,2.00703
-1.23818,2.01801
-1.24624,2.02937
-1.25345,2.04103
-1.25984,2.0529
-1.26544,2.06493
-1.27028,2.07706
-1.27438,2.08923
-1.27779,2.10141
-1.28052,2.11355
-1.28261,2.12563
-1.28409,2.13762
-1.28499,2.14948
-1.28534,2.1612
-1.28515,2.17275
-1.28446,2.18413
-1.28329,2.1953
-1.28166,2.20627
-1.2796,2.21702
-1.27712,2.22753
-1.27424,2.2378
-1.27099,2.24782
-1.26738,2.25759
-1.26343,2.26709
-1.25915,2.27631
-1.25456,2.28526
-1.24967,2.29393
-1.2445,2.30231
-1.23907,2.31041
-1.23338,2.3182
-1.22745,2.3257
-1.22129,2.33289
-1.21491,2.33978
-1.20833,2.34636
-1.20155,2.35263
-1.19459,2.35858
-1.18745,2.36421
-1.18016,2.36953
-1.17271,2.37451
-1.16512,2.37918
-1.15739,2.38351
-1.14955,2.3875
-1.14159,2.39117
-1.13353,2.39449
-1.12538,2.39747
-1.11714,2.40011
-1.10883,2.4024
-1.10046,2.40434
-1.09203,2.40592
-1.08356,2.40715
-1.07506,2.40802
-1.06654,2.40852
-1.05801,2.40865
-1.04947,2.40842
-1.04095,2.40781
-1.03245,2.40682
-1.02399,2.40545
-1.01557,2.40369
-1.00721,2.40154
-0.998934,2.399
-0.990744,2.39606
-0.982658,2.39272
-0.974693,2.38898
-0.966866,2.38482
-0.959195,2.38025
-0.951698,2.37527
-0.944396,2.36987
-0.93731,2.36404
-0.930464,2.35779
-0.923882,2.35111
-0.917589,2.344
-0.911616,2.33646
-0.90599,2.3285
-0.900747,2.32011
-0.895919,2.31129
-0.891545,2.30206
-0.887665,2.29242
-0.884323,2.28238
-0.881566,2.27196
-0.879442,2.26117
-0.878005,2.25004
-0.877311,2.2386
-0.877419,2.22689
-0.878389,2.21495
-0.880284,2.20285
-0.883167,2.19065
-0.887097,2.17843
-0.892132,2.16629
-0.898318,2.15434
-0.905694,2.14272
-0.914278,2.13157
-0.924069,2.12105
-0.935036,2.11133
-0.94712,2.10258
-0.960222,2.09497
-0.974211,2.08865
-0.988924,2.08375
-1.00417,2.08036
-1.01974,2.07854
-1.03544,2.07831
-1.05104,2.07962
-1.06637,2.08243
-1.08126,2.08662
-1.09557,2.09209
-1.10919,2.09872
-1.12205,2.10636
-1.13409,2.11489
-1.14526,2.12418
-1.15556,2.13411
-1.16498,2.14458
-1.17353,2.15548
-1.18122,2.16673
-1.18808,2.17825
-1.19412,2.18996
-1.19939,2.20181
-1.20391,2.21374
-1.20771,2.22571
-1.21082,2.23766
-1.21327,2.24958
-1.21509,2.26142
-1.21631,2.27316
-1.21696,2.28477
-1.21706,2.29624
-1.21665,2.30753
-1.21574,2.31864
-1.21435,2.32955
-1.21252,2.34025
-1.21025,2.35073
-1.20758,2.36097
-1.20452,2.37098
-1.20109,2.38072
-1.1973,2.39022
-1.19318,2.39944
-1.18874,2.4084
-1.18399,2.41707
-1.17894,2.42547
-1.17362,2.43358
-1.16804,2.4414
-1.16221,2.44892
-1.15614,2.45614
-1.14984,2.46307
-1.14332,2.46968
-1.13661,2.47599
-1.1297,2.48199
-1.12261,2.48766
-1.11535,2.49303
-1.10793,2.49807
-1.10036,2.50278
-1.09265,2.50717
-1.08481,2.51123
-1.07685,2.51495
-1.06878,2.51834
-1.06061,2.52139
-1.05234,2.5241
-1.044,2.52646
-1.03559,2.52848
-1.02711,2.53014
-1.01858,2.53145
-1.01002,2.5324
-1.00142,2.53299
-0.9928,2.53321
-0.984173,2.53306
-0.975547,2.53255
-0.966936,2.53165
-0.95835,2.53038
-0.949801,2.52872
-0.941304,2.52668
-0.932871,2.52424
-0.924516,2.5214
-0.916254,2.51817
-0.908101,2.51454
-0.900073,2.51049
-0.892187,2.50604
-0.884461,2.50116
-0.876916,2.49587
-0.869571,2.49016
-0.862448,2.48403
-0.855572,2.47746
-0.848967,2.47047
-0.842661,2.46304
-0.836682,2.45519
-0.831061,2.4469
-0.825833,2.43819
-0.821032,2.42905
-0.816699,2.4195
-0.812874,2.40953
-0.809603,2.39917
-0.806932,2.38843
-0.804914,2.37733
-0.803603,2.3659
-0.803055,2.35416
-0.803332,2.34217
-0.804495,2.32996
-0.806607,2.31761
-0.80973,2.30518
-0.813925,2.29277
-0.819244,2.28047
-0.825734,2.26841
-0.833426,2.25672
-0.842333,2.24555
-0.852443,2.23508
-0.863716,2.22546
-0.876078,2.21688
-0.889419,2.20949
-0.903594,2.20344
-0.91843,2.19885
-0.933729,2.1958
-0.949282,2.19433
-0.96488,2.19443
-0.980323,2.19606
-0.995431,2.19915
-1.01005,2.20359
-1.02405,2.20927
-1.03734,2.21604
-1.04984,2.22379
-1.06151,2.23238
-1.07231,2.24169
-1.08224,2.2516
-1.09129,2.26201
-1.09948,2.27283
-1.10682,2.28396
-1.11334,2.29534
-1.11906,2.30689
-1.12402,2.31856
-1.12823,2.3303
-1.13175,2.34206
-1.13458,2.35381
-1.13677,2.3655
-1.13834,2.37711
-1.13932,2.38861
-1.13973,2.39998
-1.13962,2.41119
-1.13899,2.42223
-1.13787,2.43309
-1.13629,2.44374
-1.13427,2.45419
-1.13182,2.4644
-1.12898,2.47438
-1.12575,2.48412
-1.12215,2.49361
-1.1182,2.50283
-1.11393,2.51179
-1.10933,2.52048
-1.10444,2.5289
-1.09925,2.53703
-1.0938,2.54487
-1.08808,2.55243
-1.08212,2.55969
-1.07592,2.56665
-1.06949,2.5733
-1.06286,2.57966
-1.05602,2.5857
-1.049,2.59143
-1.0418,2.59685
-1.03442,2.60194
-1.02689,2.60672
-1.01922,2.61117
-1.0114,2.61529
-1.00346,2.61909
-0.995396,2.62255
-0.987225,2.62567
-0.978956,2.62845
-0.970598,2.6309
-0.96216,2.63299
-0.953654,2.63474
-0.945087,2.63613
-0.936472,2.63717
-0.927817,2.63785
-0.919134,2.63817
-0.910433,2.63812
-0.901725,2.6377
-0.893021,2.6369
-0.884333,2.63573
-0.875674,2.63418
-0.867055,2.63224
-0.858489,2.62991
-0.849991,2.62719
-0.841575,2.62407
-0.833255,2.62055
-0.825048,2.61662
-0.81697,2.61228
-0.809039,2.60753
-0.801273,2.60236
-0.793692,2.59677
-0.786318,2.59076
-0.779173,2.58431
-0.772282,2.57744
-0.76567,2.57014
-0.759365,2.5624
-0.753396,2.55423
-0.747797,2.54563
-0.742601,2.5366
-0.737846,2.52714
-0.733571,2.51727
-0.72982,2.50699
-0.726638,2.49632
-0.724075,2.48527
-0.722184,2.47386
-0.72102,2.46213
-0.720642,2.4501
-0.721111,2.43783
-0.72249,2.42537
-0.724843,2.41278
-0.728231,2.40014
-0.732714,2.38755
-0.738343,2.37512
-0.745158,2.36296
-0.753186,2.35123
-0.762432,2.34008
-0.772874,2.32968
-0.784459,2.3202
-0.797101,2.31181
-0.810677,2.30467
-0.82503,2.29892
-0.839977,2.29466
-0.855315,2.29196
-0.870832,2.29084
-0.886323,2.29129
-0.901594,2.29324
-0.916474,2.29661
-0.930819,2.30128
-0.944512,2.30715
-0.957466,2.31407
-0.969616,2.32191
-0.980923,2.33055
-0.991364,2.33987
-1.00093,2.34975
-1.00963,2.3601
-1.01748,2.37082
-1.02449,2.38184
-1.03068,2.39307
-1.0361,2.40447
-1.04076,2.41597
-1.04469,2.42751
-1.04793,2.43907
-1.05051,2.4506
-1.05245,2.46208
-1.05378,2.47346
-1.05453,2.48472
-1.05473,2.49585
-1.05441,2.50682
-1.05358,2.51762
-1.05228,2.52823
-1.05051,2.53863
-1.04832,2.54882
-1.0457,2.55878
-1.04269,2.5685
-1.03931,2.57798
-1.03556,2.58721
-1.03147,2.59618
-1.02705,2.60488
-1.02232,2.61331
-1.01729,2.62147
-1.01198,2.62934
-1.0064,2.63693
-1.00056,2.64422
-0.994475,2.65122
-0.98816,2.65793
-0.981624,2.66432
-0.974879,2.67042
-0.967937,2.6762
-0.960807,2.68168
-0.953501,2.68683
-0.946028,2.69167
-0.9384,2.69619
-0.930626,2.70038
-0.922715,2.70425
-0.914679,2.70778
-0.906526,2.71098
-0.898267,2.71385
-0.88991,2.71637
-0.881467,2.71855
-0.872946,2.72038
-0.864357,2.72187
-0.855711,2.723
-0.847017,2.72377
-0.838286,2.72418
-0.829528,2.72423
-0.820755,2.72392
-0.811977,2.72323
-0.803205,2.72216
-0.794452,2.72072
-0.785729,2.71889
-0.77705,2.71667
-0.768428,2.71407
-0.759876,2.71106
-0.751409,2.70766
-0.743042,2.70385
-0.734792,2.69964
-0.726675,2.69501
-0.71871,2.68997
-0.710916,2.6845
-0.703312,2.67861
-0.695922,2.6723
-0.688767,2.66555
-0.681873,2.65837
-0.675267,2.65076
-0.668976,2.64271
-0.663033,2.63423
-0.657469,2.62532
-0.65232,2.61597
-0.647625,2.6062
-0.643425,2.59601
-0.639764,2.58542
-0.63669,2.57444
-0.634253,2.56308
-0.632507,2.55137
-0.63151,2.53935
-0.631322,2.52704
-0.632005,2.51451
-0.633622,2.5018
-0.636238,2.48899
-0.639913,2.47615
-0.644705,2.4634
-0.650663,2.45085
-0.657822,2.43862
-0.666202,2.42687
-0.675799,2.41576
-0.68658,2.40546
-0.698481,2.39615
-0.711401,2.38799
-0.725204,2.38113
-0.739723,2.37569
-0.754765,2.37178
-0.770124,2.36944
-0.785589,2.36868
-0.800957,2.36946
-0.816044,2.37172
-0.830688,2.37536
-0.844754,2.38026
-0.858137,2.38631
-0.870759,2.39336
-0.882565,2.40128
-0.893521,2.40996
-0.903612,2.41928
-0.912833,2.42912
-0.921194,2.4394
-0.928709,2.45003
-0.9354,2.46092
-0.941291,2.47201
-0.946411,2.48325
-0.950789,2.49457
-0.954455,2.50592
-0.957438,2.51728
-0.959768,2.5286
-0.961474,2.53985
-0.962585,2.55101
-0.963126,2.56204
-0.963125,2.57294
-0.962607,2.58367
-0.961594,2.59422
-0.960111,2.60458
-0.958178,2.61474
-0.955817,2.62467
-0.953046,2.63438
-0.949886,2.64386
-0.946353,2.65309
-0.942466,2.66206
-0.93824,2.67078
-0.933691,2.67923
-0.928834,2.6874
-0.923684,2.6953
-0.918254,2.70292
-0.912557,2.71025
-0.906607,2.71729
-0.900415,2.72404
-0.893995,2.73049
-0.887356,2.73663
-0.880511,2.74247
-0.87347,2.74801
-0.866245,2.75322
-0.858845,2.75813
-0.851282,2.76271
-0.843564,2.76698
-0.835703,2.77091
-0.827707,2.77452
-0.819587,2.7778
-0.811352,2.78075
-0.803013,2.78335
-0.794578,2.78562
-0.786058,2.78754
-0.777462,2.78912
-0.7688,2.79034
-0.760083,2.79121
-0.75132,2.79172
-0.742522,2.79187
-0.733699,2.79166
-0.724862,2.79107
-0.716022,2.79011
-0.707192,2.78878
-0.698382,2.78706
-0.689606,2.78496
-0.680876,2.78247
-0.672206,2.77959
-0.663609,2.77631
-0.655101,2.77262
-0.646697,2.76853
-0.638414,2.76403
-0.630268,2.75912
-0.622279,2.75378
-0.614467,2.74802
-0.606851,2.74184
-0.599454,2.73522
-0.5923,2.72817
-0.585415,2.72069
-0.578826,2.71277
-0.572563,2.70442
-0.566656,2.69562
-0.561141,2.6864
-0.556053,2.67674
-0.551433,2.66665
-0.547323,2.65615
-0.543767,2.64525
-0.540816,2.63396
-0.538522,2.62229
-0.53694,2.61029
-0.536128,2.59798
-0.536149,2.5854
-0.537064,2.57261
-0.53894,2.55966
-0.541838,2.54663
-0.54582,2.53362
-0.550941,2.52073
-0.557245,2.50807
-0.564764,2.4958
-0.573509,2.48406
-0.583465,2.47301
-0.594589,2.46285
-0.606804,2.45372
-0.619995,2.44581
-0.634013,2.43925
-0.648682,2.43415
-0.663802,2.4306
-0.679164,2.42862
-0.694559,2.42822
-0.70979,2.42933
-0.72468,2.43189
-0.739079,2.43579
-0.752863,2.4409
-0.765936,2.4471
-0.77823,2.45427
-0.789697,2.46226
-0.800311,2.47097
-0.810061,2.48027
-0.818947,2.49007
-0.826981,2.50028
-0.834179,2.5108
-0.840565,2.52156
-0.846164,2.53251
-0.851004,2.54358
-0.855114,2.55472
-0.858524,2.56588
-0.861264,2.57704
-0.863362,2.58815
-0.864848,2.59918
-0.865748,2.61011
-0.866089,2.62091
-0.865897,2.63157
-0.865196,2.64206
-0.864009,2.65238
-0.862359,2.66249
-0.860267,2.6724
-0.857753,2.68209
-0.854836,2.69156
-0.851535,2.70078
-0.847868,2.70976
-0.84385,2.71848
-0.839499,2.72695
-0.834829,2.73515
-0.829855,2.74307
-0.824592,2.75072
-0.819053,2.75809
-0.81325,2.76517
-0.807197,2.77196
-0.800906,2.77845
-0.794388,2.78465
-0.787655,2.79054
-0.780718,2.79613
-0.773588,2.80141
-0.766275,2.80638
-0.75879,2.81103
-0.751143,2.81536
-0.743345,2.81937
-0.735404,2.82306
-0.727331,2.82642
-0.719135,2.82944
-0.710827,2.83213
-0.702415,2.83448
-0.69391,2.83649
-0.685321,2.83816
-0.676658,2.83948
-0.667931,2.84044
-0.65915,2.84105
-0.650326,2.8413
-0.641468,2.84119
-0.632587,2.84071
-0.623695,2.83986
-0.614802,2.83864
-0.605921,2.83704
-0.597063,2.83505
-0.588241,2.83268
-0.579468,2.82992
-0.570758,2.82676
-0.562125,2.8232
-0.553584,2.81923
-0.545151,2.81486
-0.536843,2.81007
-0.528678,2.80486
-0.520674,2.79924
-0.512853,2.79318
-0.505234,2.7867
-0.497841,2.77979
-0.490699,2.77244
-0.483833,2.76465
-0.477272,2.75642
-0.471047,2.74776
-0.465189,2.73865
-0.459734,2.72911
-0.45472,2.71914
-0.450188,2.70874
-0.446181,2.69793
-0.442746,2.68671
-0.439934,2.67511
-0.437798,2.66315
-0.436396,2.65085
-0.435787,2.63826
-0.436034,2.62541
-0.437201,2.61237
-0.439354,2.59919
-0.442554,2.58597
-0.446861,2.57279
-0.452328,2.55976
-0.458995,2.54703
-0.466886,2.53473
-0.476004,2.52302
-0.486325,2.51207
-0.497793,2.50206
-0.510316,2.49315
-0.523768,2.48551
-0.537987,2.47926
-0.552788,2.47452
-0.567966,2.47133
-0.583311,2.46971
-0.598618,2.46966
-0.613697,2.47109
-0.62838,2.47394
-0.642527,2.47807
-0.656025,2.48338
-0.668788,2.48973
-0.680757,2.497
-0.691893,2.50505
-0.702173,2.51376
-0.711593,2.52305
-0.720155,2.53279
-0.727874,2.5429
-0.734768,2.55331
-0.740861,2.56395
-0.74618,2.57474
-0.750752,2.58564
-0.754607,2.5966
-0.757775,2.60757
-0.760283,2.61852
-0.762162,2.62941
-0.763438,2.64023
-0.764139,2.65093
-0.764291,2.66151
-0.763919,2.67193
-0.763046,2.68218
-0.761696,2.69225
-0.759889,2.70213
-0.757647,2.71179
-0.75499,2.72124
-0.751937,2.73045
-0.748504,2.73943
-0.744711,2.74816
-0.740572,2.75663
-0.736104,2.76485
-0.731322,2.7728
-0.72624,2.78047
-0.720871,2.78787
-0.715231,2.79499
-0.70933,2.80182
-0.703182,2.80836
-0.696799,2.8146
-0.690192,2.82055
-0.683372,2.82619
-0.67635,2.83153
-0.669138,2.83656
-0.661746,2.84128
-0.654183,2.84568
-0.64646,2.84976
-0.638588,2.85352
-0.630575,2.85695
-0.622431,2.86006
-0.614167,2.86283
-0.605792,2.86526
-0.597315,2.86736
-0.588747,2.86912
-0.580096,2.87053
-0.571373,2.87159
-0.562588,2.87229
-0.553751,2.87265
-0.544872,2.87264
-0.535961,2.87226
-0.52703,2.87152
-0.51809,2.8704
-0.509151,2.86891
-0.500226,2.86704
-0.491327,2.86479
-0.482466,2.86214
-0.473658,2.8591
-0.464915,2.85566
-0.456254,2.85182
-0.447688,2.84757
-0.439234,2.84292
-0.43091,2.83784
-0.422733,2.83234
-0.414723,2.82642
-0.406901,2.82008
-0.399288,2.81329
-0.391908,2.80608
-0.384787,2.79842
-0.37795,2.79033
-0.371428,2.78179
-0.365251,2.77281
-0.359453,2.7634
-0.354071,2.75354
-0.349143,2.74325
-0.344711,2.73254
-0.340821,2.72142
-0.33752,2.70989
-0.334862,2.69798
-0.3329,2.68572
-0.331694,2.67313
-0.331305,2.66026
-0.331797,2.64714
-0.333234,2.63385
-0.335681,2.62046
-0.339201,2.60704
-0.343851,2.59371
-0.349679,2.58058
-0.356722,2.56778
-0.364996,2.55547
-0.374495,2.54382
-0.385184,2.53299
-0.396992,2.52315
-0.409816,2.51449
-0.423515,2.50713
-0.437918,2.50122
-0.452831,2.49683
-0.468047,2.494
-0.483355,2.49275
-0.498556,2.49303
-0.513469,2.49478
-0.527934,2.49789
-0.541823,2.50225
-0.555033,2.50774
-0.567489,2.51421
-0.579138,2.52156
-0.589948,2.52964
-0.599904,2.53836
-0.609003,2.54761
-0.617253,2.55728
-0.624668,2.5673
-0.63127,2.57759
-0.637083,2.58808
-0.642134,2.59872
-0.646451,2.60944
-0.650063,2.62021
-0.653,2.63099
-0.655289,2.64173
-0.656959,2.65241
-0.658037,2.663
-0.65855,2.67348
-0.658523,2.68382
-0.657981,2.69401
-0.656946,2.70402
-0.655442,2.71385
-0.653488,2.72348
-0.651106,2.7329
-0.648315,2.7421
-0.645133,2.75107
-0.641578,2.7598
-0.637666,2.76828
-0.633415,2.7765
-0.628838,2.78447
-0.623951,2.79217
-0.618769,2.79959
-0.613304,2.80674
-0.607569,2.81361
-0.601578,2.82019
-0.595343,2.82648
-0.588874,2.83247
-0.582185,2.83816
-0.575286,2.84356
-0.568187,2.84864
-0.5609,2.85342
-0.553434,2.85789
-0.5458,2.86204
-0.538009,2.86587
-0.530069,2.86937
-0.52199,2.87255
-0.513783,2.8754
-0.505457,2.87792
-0.497022,2.8801
-0.488487,2.88195
-0.479861,2.88344
-0.471155,2.8846
-0.462379,2.8854
-0.453543,2.88585
-0.444655,2.88593
-0.435728,2.88566
-0.426772,2.88502
-0.417797,2.88402
-0.408815,2.88263
-0.399836,2.88087
-0.390874,2.87873
-0.381941,2.8762
-0.373049,2.87328
-0.364212,2.86996
-0.355445,2.86625
-0.346762,2.86212
-0.338178,2.85759
-0.329711,2.85264
-0.321378,2.84728
-0.313198,2.84149
-0.30519,2.83527
-0.297376,2.82862
-0.289777,2.82154
-0.28242,2.81402
-0.275328,2.80606
-0.26853,2.79765
-0.262056,2.7888
-0.255939,2.77951
-0.250212,2.76977
-0.244913,2.7596
-0.240083,2.74899
-0.235765,2.73797
-0.232004,2.72652
-0.228852,2.71468
-0.226362,2.70247
-0.22459,2.68991
-0.223597,2.67703
-0.223445,2.66387
-0.224198,2.6505
-0.225922,2.63697
-0.228682,2.62337
-0.232538,2.60977
-0.237547,2.5963
-0.243751,2.58307
-0.251182,2.57023
-0.259848,2.55794
-0.269732,2.54636
-0.280788,2.53566
-0.292931,2.52603
-0.306045,2.51762
-0.319976,2.51057
-0.334544,2.505
-0.349548,2.50097
-0.36478,2.49851
-0.380033,2.49761
-0.395112,2.49822
-0.409845,2.50026
-0.424084,2.50362
-0.437711,2.50818
-0.450633,2.51382
-0.462783,2.5204
-0.474117,2.52781
-0.48461,2.53592
-0.49425,2.54462
-0.503039,2.55381
-0.510987,2.56341
-0.518111,2.57332
-0.524434,2.58348
-0.529979,2.59382
-0.534774,2.60429
-0.538848,2.61483
-0.542229,2.62541
-0.544945,2.63598
-0.547026,2.64652
-0.548499,2.65698
-0.54939,2.66734
-0.549725,2.67759
-0.54953,2.6877
-0.548827,2.69765
-0.54764,2.70742
-0.54599,2.71701
-0.543899,2.72639
-0.541386,2.73556
-0.538469,2.74451
-0.535167,2.75323
-0.531498,2.76171
-0.527476,2.76994
-0.52312,2.77791
-0.518442,2.78563
-0.513459,2.79307
-0.508183,2.80025
-0.502628,2.80714
-0.496807,2.81376
-0.490733,2.82009
-0.484417,2.82612
-0.477871,2.83186
-0.471106,2.83731
-0.464134,2.84245
-0.456965,2.84728
-0.449609,2.8518
-0.442077,2.85602
-0.434379,2.85991
-0.426525,2.86349
-0.418524,2.86674
-0.410387,2.86966
-0.402122,2.87226
-0.393741,2.87452
-0.385251,2.87644
-0.376664,2.87803
-0.367988,2.87927
-0.359234,2.88016
-0.35041,2.8807
-0.341528,2.88088
-0.332598,2.88071
-0.323629,2.88017
-0.314633,2.87926
-0.305621,2.87799
-0.296603,2.87633
-0.287592,2.8743
-0.2786,2.87188
-0.269639,2.86907
-0.260723,2.86587
-0.251865,2.86227
-0.243079,2.85827
-0.234381,2.85386
-0.225788,2.84904
-0.217315,2.8438
-0.208981,2.83814
-0.200805,2.83205
-0.192807,2.82553
-0.185009,2.81858
-0.177434,2.81119
-0.170107,2.80336
-0.163054,2.79508
-0.156305,2.78636
-0.14989,2.7772
-0.143842,2.76758
-0.138197,2.75753
-0.132994,2.74703
-0.128274,2.7361
-0.124082,2.72475
-0.120465,2.71299
-0.117476,2.70084
-0.115169,2.68831
-0.113602,2.67545
-0.112838,2.66228
-0.112939,2.64885
-0.113971,2.63522
-0.115999,2.62146
-0.119089,2.60765
-0.123299,2.59388
-0.128681,2.58028
-0.135275,2.56697
-0.143104,2.55411
-0.152169,2.54185
-0.162441,2.53036
-0.17386,2.51983
-0.18633,2.51042
-0.19972,2.50228
-0.213866,2.49555
-0.228579,2.49032
-0.243654,2.48665
-0.258881,2.48454
-0.274059,2.48398
-0.289001,2.4849
-0.303544,2.48721
-0.31755,2.4908
-0.330912,2.49555
-0.343546,2.50132
-0.355395,2.50799
-0.366421,2.51544
-0.376605,2.52355
-0.38594,2.53222
-0.39443,2.54134
-0.402088,2.55084
-0.408933,2.56064
-0.414987,2.57066
-0.420277,2.58084
-0.424829,2.59114
-0.428671,2.60149
-0.431833,2.61187
-0.434341,2.62223
-0.436225,2.63255
-0.437511,2.64279
-0.438225,2.65292
-0.438393,2.66293
-0.438039,2.6728
-0.437186,2.68251
-0.435856,2.69204
-0.434071,2.70138
-0.431851,2.71051
-0.429215,2.71944
-0.426181,2.72813
-0.422768,2.7366
-0.418992,2.74482
-0.41487,2.7528
-0.410416,2.76052
-0.405645,2.76798
-0.400572,2.77517
-0.395211,2.78209
-0.389574,2.78873
-0.383674,2.79509
-0.377523,2.80116
-0.371134,2.80694
-0.364517,2.81242
-0.357684,2.81761
-0.350646,2.82249
-0.343412,2.82707
-0.335995,2.83134
-0.328403,2.83529
-0.320647,2.83893
-0.312737,2.84225
-0.304682,2.84524
-0.296492,2.8479
-0.288177,2.85024
-0.279746,2.85224
-0.271209,2.8539
-0.262576,2.85522
-0.253856,2.8562
-0.245059,2.85682
-0.236196,2.8571
-0.227275,2.85701
-0.218307,2.85657
-0.209304,2.85576
-0.200275,2.85458
-0.191232,2.85303
-0.182186,2.8511
-0.173149,2.84879
-0.164133,2.84609
-0.155151,2.843
-0.146217,2.83952
-0.137345,2.83563
-0.128548,2.83134
-0.119844,2.82663
-0.111247,2.82151
-0.102776,2.81598
-0.094449,2.81001
-0.0862852,2.80362
-0.0783056,2.79679
-0.0705326,2.78953
-0.0629898,2.78183
-0.055703,2.77368
-0.0486995,2.76508
-0.0420088,2.75604
-0.0356628,2.74655
-0.0296957,2.73661
-0.0241443,2.72623
-0.0190484,2.7154
-0.014451,2.70415
-0.0103981,2.69247
-0.0069393,2.68038
-0.00412752,2.66791
-0.00201923,2.65507
-0.000674156,2.6419
-0.000154931,2.62844
-0.000526422,2.61474
-0.00185467,2.60086
-0.00420533,2.58686
-0.00764147,2.57285
-0.0122206,2.55893
-0.017991,2.54521
-0.024987,2.53184
-0.0332238,2.51896
-0.0426919,2.50676
-0.0533516,2.49539
-0.0651296,2.48503
-0.0779164,2.47585
-0.0915678,2.468
-0.10591,2.4616
-0.120747,2.45671
-0.135871,2.45339
-0.151075,2.45163
-0.166161,2.4514
-0.180953,2.45261
-0.195296,2.45517
-0.209065,2.45896
-0.22216,2.46386
-0.234509,2.46974
-0.246063,2.47648
-0.256789,2.48395
-0.266673,2.49204
-0.275712,2.50066
-0.283915,2.5097
-0.291296,2.51909
-0.297874,2.52876
-0.303674,2.53862
-0.308721,2.54864
-0.313042,2.55875
-0.316665,2.56891
-0.319619,2.57908
-0.321932,2.58922
-0.32363,2.59931
-0.324741,2.60932
-0.325289,2.61922
-0.3253,2.62899
-0.324798,2.63861
-0.323804,2.64807
-0.322342,2.65735
-0.32043,2.66644
-0.31809,2.67532
-0.315341,2.68399
-0.312199,2.69243
-0.308684,2.70064
-0.30481,2.7086
-0.300594,2.71632
-0.296051,2.72378
-0.291195,2.73098
-0.286041,2.73791
-0.280602,2.74457
-0.27489,2.75095
-0.268919,2.75705
-0.262699,2.76286
-0.256244,2.76838
-0.249563,2.7736
-0.242669,2.77853
-0.235571,2.78315
-0.228281,2.78746
-0.220809,2.79147
-0.213164,2.79516
-0.205357,2.79853
-0.197398,2.80158
-0.189295,2.80431
-0.18106,2.80671
-0.172701,2.80878
-0.164228,2.81051
-0.15565,2.81191
-0.146978,2.81296
-0.138221,2.81366
-0.129388,2.81402
-0.120491,2.81402
-0.111538,2.81366
-0.10254,2.81294
-0.0935087,2.81185
-0.0844537,2.81039
-0.0753867,2.80856
-0.0663192,2.80635
-0.0572632,2.80375
-0.0482312,2.80076
-0.0392363,2.79738
-0.030292,2.7936
-0.0214127,2.78942
-0.0126132,2.78483
-0.00390956,2.77983
0.00468162,2.7744
0.0131426,2.76856
0.0214545,2.76228
0.0295973,2.75558
0.0375495,2.74844
0.0452884,2.74085
0.0527894,2.73283
0.0600261,2.72435
0.0669704,2.71543
0.0735918,2.70606
0.0798575,2.69623
0.0857323,2.68596
0.091178,2.67524
0.0961535,2.66408
0.100615,2.65249
0.104514,2.64048
0.1078,2.62806
0.110419,2.61526
0.112313,2.60211
0.113419,2.58863
0.113676,2.57487
0.113016,2.5609
0.111374,2.54676
0.108683,2.53254
0.104883,2.51834
0.0999186,2.50426
0.0937458,2.49044
0.0863367,2.47701
0.0776847,2.46415
0.0678099,2.45201
0.0567641,2.44077
0.0446343,2.43061
0.0315432,2.42168
0.0176466,2.41412
0.0031277,2.40804
-0.0118124,2.4035
-0.0269654,2.40052
-0.0421273,2.39909
-0.0571078,2.39916
-0.0717381,2.40063
-0.0858752,2.40342
-0.0994036,2.40739
-0.112234,2.41242
-0.124304,2.41838
-0.135568,2.42516
-0.146003,2.43262
-0.155599,2.44068
-0.164356,2.44923
-0.172285,2.45817
-0.179401,2.46744
-0.185726,2.47696
-0.191284,2.48666
-0.196102,2.49649
-0.200205,2.5064
-0.203623,2.51636
-0.206383,2.52631
-0.208512,2.53623
-0.210037,2.54609
-0.210984,2.55585
-0.211378,2.56551
-0.211243,2.57503
-0.210603,2.5844
-0.20948,2.59361
-0.207895,2.60263
-0.205868,2.61145
-0.203418,2.62008
-0.200565,2.62848
-0.197325,2.63666
-0.193715,2.6446
-0.189753,2.6523
-0.185453,2.65975
-0.180829,2.66695
-0.175897,2.67388
-0.17067,2.68054
-0.165161,2.68693
-0.159383,2.69304
-0.153348,2.69887
-0.147068,2.70442
-0.140554,2.70967
-0.133818,2.71462
-0.126871,2.71928
-0.119722,2.72363
-0.112383,2.72767
-0.104863,2.73141
-0.0971732,2.73483
-0.0893227,2.73793
-0.0813216,2.74071
-0.0731793,2.74316
-0.0649055,2.74529
-0.0565099,2.74708
-0.0480019,2.74854
-0.0393912,2.74966
-0.0306874,2.75043
-0.0219003,2.75086
-0.0130398,2.75093
-0.00411574,2.75065
0.0048615,2.75001
0.0138816,2.749
0.0229337,2.74763
0.032007,2.74588
0.0410901,2.74376
0.0501712,2.74125
0.0592382,2.73836
0.0682783,2.73507
0.0772785,2.73139
0.0862247,2.72731
0.0951024,2.72282
0.103896,2.71792
0.11259,2.71261
0.121167,2.70687
0.129609,2.7007
0.137896,2.69411
0.146008,2.68708
0.153923,2.67961
0.161618,2.6717
0.169066,2.66334
0.176242,2.65453
0.183116,2.64527
0.189656,2.63555
0.195829,2.62538
0.201599,2.61476
0.206925,2.6037
0.211766,2.59219
0.216077,2.58026
0.219807,2.5679
0.222905,2.55515
0.225314,2.54201
0.226975,2.52853
0.227826,2.51474
0.227801,2.50069
0.226834,2.48644
0.224858,2.47205
0.22181,2.4576
0.217628,2.44322
0.212262,2.42899
0.205673,2.41508
0.19784,2.40161
0.188767,2.38877
0.178483,2.37671
0.167055,2.36562
0.154582,2.35566
0.141199,2.34699
0.127075,2.33972
0.112398,2.33396
0.0973748,2.32975
0.0822114,2.3271
0.0671075,2.32598
0.0522455,2.32633
0.0377845,2.32804
0.0238571,2.33102
0.0105686,2.33514
-0.00200175,2.34027
-0.0137977,2.34629
-0.0247834,2.35308
-0.0349393,2.36052
-0.0442593,2.36852
-0.0527476,2.37697
-0.0604163,2.3858
-0.0672832,2.39492
-0.0733702,2.40428
-0.0787018,2.4138
-0.0833043,2.42343
-0.0872049,2.43314
-0.0904311,2.44287
-0.0930102,2.45259
-0.0949691,2.46227
-0.0963341,2.47189
-0.0971306,2.4814
-0.0973833,2.4908
-0.0971156,2.50007
-0.0963503,2.50918
-0.0951091,2.51811
-0.0934127,2.52687
-0.0912809,2.53543
-0.0887326,2.54378
-0.085786,2.55191
-0.0824582,2.55981
-0.0787659,2.56748
-0.0747249,2.57491
-0.0703503,2.58208
-0.0656567,2.589
-0.0606581,2.59565
-0.0553678,2.60204
-0.0497989,2.60815
-0.0439637,2.61399
-0.0378745,2.61954
-0.0315428,2.6248
-0.02498,2.62978
-0.0181971,2.63445
-0.0112049,2.63883
-0.00401391,2.6429
0.00336562,2.64667
0.0109236,2.65012
0.0186501,2.65326
0.0265352,2.65608
0.0345694,2.65857
0.0427429,2.66075
0.0510463,2.66259
0.0594699,2.6641
0.0680041,2.66527
0.0766394,2.66609
0.0853661,2.66658
0.0941744,2.66671
0.103054,2.6665
0.111996,2.66592
0.120989,2.66498
0.130023,2.66368
0.139086,2.66201
0.148169,2.65996
0.157259,2.65753
0.166345,2.65472
0.175414,2.65152
0.184453,2.64792
0.193448,2.64393
0.202387,2.63953
0.211253,2.63472
0.220032,2.6295
0.228706,2.62386
0.237258,2.61779
0.24567,2.6113
0.253922,2.60437
0.261992,2.597
0.269859,2.58919
0.277497,2.58094
0.284881,2.57223
0.291983,2.56307
0.298773,2.55345
0.305218,2.54338
0.311285,2.53286
0.316934,2.52188
0.322127,2.51046
0.326818,2.49859
0.33096,2.4863
0.334504,2.47359
0.337396,2.46048
0.339576,2.44701
0.340986,2.43319
0.34156,2.41908
0.341234,2.40473
0.33994,2.39019
0.337611,2.37554
0.334184,2.36088
0.329603,2.34631
0.323819,2.33195
0.3168,2.31794
0.308534,2.30445
0.299032,2.29163
0.288339,2.27967
0.276532,2.26873
0.263725,2.25899
0.250066,2.25057
0.23573,2.2436
0.220915,2.23815
0.205826,2.23426
0.190668,2.23192
0.175635,2.23108
0.160901,2.23167
0.146614,2.2336
0.132896,2.23674
0.119843,2.24097
0.107526,2.24617
0.0959932,2.25221
0.0852741,2.25899
0.0753835,2.26638
0.0663238,2.27429
0.0580882,2.28263
0.0506628,2.29131
0.0440285,2.30027
0.0381628,2.30944
0.0330408,2.31876
0.0286363,2.32819
0.0249222,2.33767
0.0218714,2.34716
0.019457,2.35664
0.0176526,2.36607
0.0164324,2.37542
0.0157715,2.38468
0.0156459,2.39381
0.0160325,2.4028
0.0169091,2.41163
0.0182547,2.42029
0.0200488,2.42876
0.0222722,2.43704
0.0249063,2.44511
0.0279333,2.45295
0.0313365,2.46057
0.0350996,2.46795
0.0392071,2.47509
0.0436441,2.48198
0.0483963,2.48861
0.0534501,2.49497
0.0587921,2.50107
0.0644098,2.50689
0.0702908,2.51244
0.0764232,2.5177
0.0827955,2.52267
0.0893964,2.52735
0.0962152,2.53174
0.103241,2.53582
0.110464,2.5396
0.117873,2.54307
0.125459,2.54623
0.133211,2.54907
0.141121,2.5516
0.149177,2.5538
0.157372,2.55567
0.165694,2.55721
0.174135,2.55842
0.182685,2.55929
0.191334,2.55982
0.200074,2.56
0.208892,2.55982
0.217781,2.5593
0.22673,2.55841
0.235728,2.55717
0.244764,2.55555
0.253829,2.55356
0.26291,2.5512
0.271996,2.54845
0.281075,2.54531
0.290134,2.54179
0.299161,2.53787
0.308141,2.53354
0.31706,2.52881
0.325903,2.52367
0.334654,2.51811
0.343296,2.51213
0.351811,2.50572
0.360181,2.49887
0.368384,2.49159
0.376398,2.48387
0.384202,2.4757
0.39177,2.46708
0.399075,2.45801
0.406088,2.44848
0.412779,2.4385
0.419114,2.42805
0.425057,2.41716
0.430569,2.4058
0.435609,2.394
0.440131,2.38176
0.444087,2.36909
0.447425,2.35601
0.450089,2.34254
0.45202,2.32871
0.453156,2.31456
0.453432,2.30012
0.452782,2.28545
0.451137,2.27062
0.448433,2.25572
0.444607,2.24083
0.439606,2.22607
0.433387,2.21158
0.425924,2.19749
0.417213,2.18397
0.407277,2.1712
0.396174,2.15933
0.383993,2.14856
0.370862,2.13902
0.356939,2.13086
0.342408,2.12418
0.32747,2.11902
0.31233,2.11543
0.297191,2.11336
0.282238,2.11277
0.267636,2.11358
0.253522,2.11567
0.24001,2.11893
0.227185,2.12324
0.21511,2.12848
0.203826,2.13451
0.193357,2.14123
0.183714,2.14854
0.174896,2.15634
0.166893,2.16454
0.159691,2.17306
0.153269,2.18183
0.147605,2.19079
0.142672,2.19989
0.138446,2.20908
0.134899,2.21831
0.132004,2.22755
0.129736,2.23677
0.128067,2.24593
0.126974,2.255
0.126431,2.26397
0.126415,2.27282
0.126903,2.28152
0.127874,2.29006
0.129308,2.29842
0.131183,2.3066
0.133482,2.31458
0.136186,2.32234
0.139278,2.32989
0.142741,2.33721
0.14656,2.34428
0.150719,2.35112
0.155204,2.3577
0.16,2.36402
0.165094,2.37009
0.170474,2.37588
0.176126,2.38139
0.182039,2.38663
0.1882,2.39158
0.194599,2.39625
0.201225,2.40062
0.208066,2.40469
0.215112,2.40847
0.222352,2.41193
0.229778,2.41509
0.237378,2.41794
0.245143,2.42047
0.253063,2.42268
0.261129,2.42456
0.26933,2.42612
0.277659,2.42735
0.286104,2.42823
0.294656,2.42878
0.303306,2.42899
0.312044,2.42884
0.32086,2.42835
0.329744,2.42749
0.338686,2.42628
0.347675,2.4247
0.356701,2.42275
0.365753,2.42043
0.374818,2.41773
0.383886,2.41464
0.392944,2.41116
0.40198,2.40729
0.410979,2.40302
0.419928,2.39835
0.428813,2.39326
0.437618,2.38776
0.446326,2.38184
0.45492,2.37549
0.463382,2.36872
0.471692,2.3615
0.47983,2.35385
0.487773,2.34575
0.495497,2.3372
0.502976,2.32819
0.510184,2.31874
0.517089,2.30882
0.523662,2.29844
0.529866,2.2876
0.535665,2.2763
0.541019,2.26455
0.545885,2.25235
0.550215,2.23972
0.553961,2.22666
0.557069,2.21319
0.55948,2.19933
0.561136,2.18513
0.561973,2.17061
0.561924,2.15583
0.560922,2.14083
0.558901,2.12571
0.555796,2.11054
0.551546,2.09542
0.546103,2.08048
0.539428,2.06585
0.531504,2.05168
0.522337,2.03814
0.511961,2.0254
0.500446,2.01364
0.487895,2.00303
0.474448,1.9937
0.460272,1.98578
0.445558,1.97936
0.43051,1.97448
0.415332,1.97114
0.400218,1.96932
0.385348,1.96894
0.370876,1.96991
0.35693,1.97213
0.343613,1.97547
0.331002,1.97982
0.319151,1.98504
0.308096,1.99103
0.297856,1.99767
0.288438,2.00485
0.279837,2.0125
0.272043,2.02052
0.265039,2.02884
0.258805,2.0374
0.253317,2.04613
0.248549,2.05498
0.244476,2.06391
0.241072,2.07287
0.23831,2.08183
0.236163,2.09075
0.234607,2.09962
0.233617,2.10839
0.23317,2.11706
0.233241,2.1256
0.233809,2.13399
0.234853,2.14221
0.236353,2.15026
0.238289,2.15812
0.240643,2.16578
0.243396,2.17322
0.246533,2.18044
0.250036,2.18743
0.253891,2.19419
0.258082,2.20069
0.262595,2.20695
0.267416,2.21295
0.272532,2.21868
0.27793,2.22414
0.283598,2.22933
0.289523,2.23423
0.295696,2.23886
0.302103,2.24319
0.308734,2.24723
0.315579,2.25097
0.322627,2.25441
0.329867,2.25754
0.337291,2.26037
0.344887,2.26288
0.352646,2.26507
0.360559,2.26694
0.368616,2.26848
0.376807,2.2697
0.385123,2.27058
0.393554,2.27113
0.402091,2.27133
0.410723,2.27119
0.419442,2.27069
0.428237,2.26985
0.437098,2.26864
0.446015,2.26707
0.454977,2.26514
0.463973,2.26283
0.472992,2.26014
0.482023,2.25708
0.491054,2.25362
0.500072,2.24977
0.509064,2.24553
0.518017,2.24088
0.526916,2.23583
0.535746,2.23036
0.544492,2.22447
0.553136,2.21816
0.561662,2.21142
0.570049,2.20425
0.578279,2.19664
0.586329,2.18858
0.594177,2.18007
0.601798,2.17111
0.609165,2.16169
0.616251,2.15182
0.623025,2.14148
0.629453,2.13068
0.6355,2.11942
0.641129,2.10769
0.646297,2.09552
0.65096,2.08289
0.65507,2.06983
0.658576,2.05635
0.661422,2.04246
0.66355,2.0282
0.664899,2.0136
0.665403,1.9987
0.664996,1.98355
0.663611,1.96821
0.661181,1.95277
0.657643,1.93732
0.65294,1.92196
0.647026,1.90682
0.639872,1.89205
0.631467,1.8778
0.621828,1.86424
0.611002,1.85154
0.599071,1.83987
0.58615,1.8294
0.572391,1.82026
0.55797,1.81256
0.543081,1.80637
0.527929,1.80173
0.512715,1.79861
0.497628,1.79698
0.482836,1.79676
0.468484,1.79786
0.454691,1.80015
0.441551,1.80352
0.42913,1.80785
0.417478,1.81301
0.406624,1.8189
0.396583,1.8254
0.387358,1.83243
0.378943,1.83989
0.371325,1.84769
0.364486,1.85578
0.358406,1.86408
0.353061,1.87254
0.348426,1.8811
0.344474,1.88974
0.34118,1.89839
0.338518,1.90704
0.336462,1.91565
0.334987,1.92418
0.33407,1.93263
0.333687,1.94096
0.333816,1.94916
0.334434,1.9572
0.335521,1.96509
0.337059,1.97279
0.339026,1.9803
0.341406,1.9876
0.344181,1.99469
0.347334,2.00156
0.35085,2.0082
0.354713,2.0146
0.358908,2.02075
0.363422,2.02665
0.368241,2.03229
0.373352,2.03766
0.378742,2.04276
0.384399,2.04759
0.390311,2.05214
0.396467,2.0564
0.402857,2.06037
0.409468,2.06404
0.41629,2.06742
0.423314,2.0705
0.430528,2.07326
0.437924,2.07572
0.44549,2.07786
0.453218,2.07968
0.461098,2.08118
0.46912,2.08236
0.477275,2.0832
0.485552,2.0837
0.493943,2.08387
0.502438,2.08369
0.511027,2.08317
0.519701,2.08229
0.528448,2.08106
0.53726,2.07947
0.546125,2.07751
0.555033,2.07518
0.563973,2.07247
0.572934,2.06939
0.581904,2.06592
0.59087,2.06206
0.59982,2.05781
0.608741,2.05315
0.617619,2.04809
0.626439,2.04262
0.635186,2.03673
0.643844,2.03042
0.652396,2.02368
0.660822,2.01651
0.669105,2.0089
0.677223,2.00085
0.685155,1.99235
0.692876,1.98339
0.700361,1.97398
0.707584,1.96411
0.714514,1.95378
0.721121,1.94298
0.72737,1.93171
0.733224,1.91999
0.738645,1.9078
0.743589,1.89516
0.74801,1.88207
0.75186,1.86854
0.755085,1.8546
0.757628,1.84027
0.75943,1.82556
0.760428,1.81053
0.760557,1.79521
0.759748,1.77967
0.757936,1.76397
0.755054,1.74819
0.751041,1.73243
0.745845,1.71681
0.739426,1.70146
0.731759,1.68653
0.722845,1.67218
0.712712,1.65858
0.701419,1.6459
0.689059,1.63431
0.675763,1.62396
0.661688,1.61498
0.647019,1.60747
0.631954,1.60147
0.616695,1.597
0.601437,1.59405
0.586363,1.59255
0.571631,1.59243
0.557377,1.59357
0.54371,1.59587
0.530713,1.59921
0.518448,1.60345
0.506955,1.6085
0.496261,1.61423
0.486375,1.62054
0.477298,1.62735
0.469022,1.63456
0.461534,1.6421
0.454815,1.6499
0.448843,1.65789
0.443594,1.66603
0.439044,1.67427
0.435166,1.68256
0.431937,1.69087
0.429329,1.69916
0.427319,1.7074
0.425881,1.71557
0.424992,1.72364
0.424629,1.7316
0.424771,1.73941
0.425396,1.74708
0.426483,1.75457
0.428015,1.76189
0.429971,1.76901
0.432335,1.77592
0.435089,1.78262
0.438217,1.78909
0.441704,1.79534
0.445534,1.80134
0.449692,1.80709
0.454166,1.81259
0.458942,1.81783
0.464007,1.8228
0.469348,1.82751
0.474954,1.83193
0.480813,1.83607
0.486914,1.83993
0.493245,1.84349
0.499796,1.84676
0.506557,1.84973
0.513516,1.8524
0.520665,1.85476
0.527993,1.8568
0.53549,1.85853
0.543147,1.85994
0.550954,1.86102
0.558902,1.86177
0.56698,1.86219
0.57518,1.86228
0.583491,1.86202
0.591904,1.86142
0.60041,1.86046
0.608997,1.85916
0.617657,1.85749
0.626379,1.85546
0.635152,1.85306
0.643966,1.85029
0.652808,1.84714
0.661669,1.84361
0.670535,1.83968
0.679395,1.83537
0.688236,1.83066
0.697043,1.82554
0.705803,1.82001
0.714501,1.81407
0.723121,1.80771
0.731646,1.80092
0.74006,1.7937
0.748342,1.78604
0.756474,1.77794
0.764434,1.76939
0.772199,1.76039
0.779745,1.75093
0.787046,1.74101
0.794073,1.73063
0.800797,1.71979
0.807185,1.70847
0.813201,1.69669
0.818808,1.68444
0.823966,1.67173
0.828629,1.65857
0.832751,1.64496
0.836281,1.63092
0.839164,1.61647
0.841344,1.60163
0.842757,1.58643
0.843342,1.57092
0.84303,1.55514
0.841756,1.53916
0.839453,1.52305
0.836056,1.50689
0.831508,1.4908
0.825761,1.47489
0.818781,1.4593
0.810552,1.44418
0.801086,1.4297
0.79042,1.41603
0.778626,1.40334
0.765812,1.39179
0.752117,1.38153
0.737708,1.37266
0.722774,1.36526
0.707512,1.35939
0.692122,1.35503
0.676794,1.35217
0.6617,1.35072
0.646989,1.3506
0.632788,1.35171
0.619195,1.35393
0.606287,1.35714
0.594117,1.36122
0.582722,1.36606
0.572121,1.37156
0.562323,1.3776
0.553325,1.38411
0.545119,1.39101
0.53769,1.3982
0.531018,1.40565
0.525081,1.41327
0.519857,1.42103
0.51532,1.42887
0.511446,1.43676
0.508209,1.44465
0.505584,1.45252
0.503547,1.46034
0.502075,1.46808
0.501144,1.47572
0.500731,1.48323
0.500816,1.49061
0.501377,1.49783
0.502396,1.50488
0.503853,1.51175
0.505729,1.51842
0.508008,1.52488
0.510673,1.53113
0.513708,1.53715
0.517097,1.54294
0.520826,1.54848
0.524881,1.55378
0.529248,1.55882
0.533913,1.5636
0.538865,1.56812
0.544091,1.57236
0.549579,1.57632
0.555318,1.58
0.561296,1.58339
0.567503,1.58648
0.573927,1.58929
0.580559,1.59178
0.587389,1.59398
0.594405,1.59586
0.601599,1.59743
0.608961,1.59868
0.61648,1.59961
0.624148,1.60021
0.631954,1.60048
0.639889,1.60041
0.647944,1.60001
0.656109,1.59926
0.664373,1.59816
0.672728,1.59671
0.681162,1.5949
0.689667,1.59273
0.698231,1.59019
0.706843,1.58728
0.715493,1.584
0.72417,1.58033
0.732861,1.57627
0.741554,1.57183
0.750237,1.56698
0.758897,1.56173
0.767519,1.55608
0.776089,1.55001
0.784592,1.54352
0.793011,1.5366
0.80133,1.52926
0.809531,1.52147
0.817593,1.51325
0.825497,1.50458
0.83322,1.49545
0.84074,1.48587
0.84803,1.47583
0.855064,1.46532
0.861813,1.45435
0.868245,1.4429
0.874328,1.43099
0.880024,1.4186
0.885294,1.40575
0.890096,1.39244
0.894385,1.37867
0.898112,1.36446
0.901225,1.34982
0.903668,1.33478
0.905382,1.31936
0.906305,1.30359
0.906371,1.28753
0.905515,1.27122
0.90367,1.25473
0.900771,1.23814
0.896756,1.22155
0.891571,1.20506
0.885175,1.18881
0.87754,1.17293
0.868662,1.15758
0.85856,1.14293
0.847287,1.12914
0.834927,1.11638
0.821598,1.10481
0.807448,1.09456
0.79265,1.08572
0.777396,1.07836
0.761882,1.07251
0.746301,1.06817
0.730836,1.06527
0.715649,1.06376
0.700879,1.06353
0.686643,1.06449
0.673032,1.0665
0.660112,1.06947
0.647933,1.07327
0.636526,1.07779
0.625906,1.08293
0.61608,1.0886
0.607044,1.0947
0.598787,1.10117
0.591295,1.10792
0.584547,1.11491
0.578523,1.12206
0.573199,1.12933
0.568551,1.13668
0.564554,1.14407
0.561184,1.15146
0.558417,1.15881
0.556229,1.16611
0.554596,1.17333
0.553497,1.18044
0.552909,1.18743
0.552811,1.19428
0.553184,1.20097
0.554008,1.20748
0.555264,1.21381
0.556935,1.21994
0.559004,1.22587
0.561455,1.23157
0.564271,1.23705
0.567438,1.2423
0.570942,1.2473
0.574767,1.25205
0.578902,1.25654
0.583332,1.26078
0.588046,1.26474
0.593032,1.26843
0.598277,1.27183
0.603771,1.27496
0.609501,1.27779
0.615458,1.28033
0.621631,1.28257
0.628009,1.2845
0.634583,1.28613
0.641342,1.28745
0.648276,1.28844
0.655376,1.28912
0.662632,1.28947
0.670034,1.28949
0.677573,1.28918
0.685238,1.28853
0.693021,1.28753
0.700911,1.28619
0.708899,1.2845
0.716975,1.28244
0.725127,1.28003
0.733347,1.27725
0.741624,1.2741
0.749945,1.27057
0.758301,1.26666
0.76668,1.26237
0.775069,1.25768
0.783457,1.25259
0.791829,1.24711
0.800173,1.24121
0.808474,1.2349
0.816718,1.22817
0.824888,1.22101
0.832967,1.21342
0.840939,1.2054
0.848784,1.19693
0.856482,1.18802
0.864011,1.17865
0.871351,1.16882
0.878474,1.15853
0.885357,1.14777
0.89197,1.13655
0.898283,1.12484
0.904264,1.11267
0.909877,1.10002
0.915086,1.0869
0.919849,1.07331
0.924123,1.05926
0.92786,1.04475
0.931011,1.02981
0.933522,1.01444
0.935335,0.998677
0.93639,0.982548
0.936625,0.966092
0.935973,0.949356
0.93437,0.9324
0.93175,0.915296
0.928049,0.898129
0.923211,0.881
0.917187,0.864026
0.909942,0.847338
0.90146,0.831084
0.891746,0.815421
0.880833,0.800514
0.868786,0.786529
0.855701,0.773624
0.841707,0.76194
0.826958,0.751594
0.811633,0.742674
0.79592,0.735228
0.780012,0.729269
0.764094,0.724776
0.748337,0.721695
0.732894,0.719947
0.717893,0.719437
0.703441,0.720058
0.689618,0.721696
0.676488,0.724239
0.664092,0.727575
0.652456,0.7316
0.641596,0.736215
0.631515,0.74133
0.622207,0.746861
0.613663,0.752734
0.605866,0.758881
0.598799,0.765243
0.592439,0.771764
0.586765,0.778397
0.581753,0.785099
0.577379,0.791832
0.573619,0.798561
0.570451,0.805257
0.567851,0.811891
0.565796,0.818441
0.564265,0.824884
0.563237,0.831201
0.562691,0.837374
0.562608,0.843387
0.562969,0.849227
0.563756,0.85488
0.564952,0.860335
0.56654,0.86558
0.568504,0.870607
0.570829,0.875405
0.5735,0.879967
0.576503,0.884285
0.579823,0.888352
0.583449,0.89216
0.587367,0.895703
0.591565,0.898976
0.596031,0.901973
0.600753,0.904688
0.60572,0.907115
0.610922,0.909251
0.616347,0.911089
0.621984,0.912626
0.627825,0.913856
0.633857,0.914774
0.640073,0.915377
0.64646,0.915659
0.653011,0.915617
0.659715,0.915245
0.666562,0.914538
0.673542,0.913494
0.680647,0.912105
0.687865,0.910369
0.695188,0.908281
0.702605,0.905834
0.710106,0.903025
0.71768,0.899849
0.725318,0.8963
0.733008,0.892374
0.740738,0.888065
0.748498,0.883367
0.756276,0.878275
0.764059,0.872784
0.771833,0.866888
0.779587,0.860581
0.787305,0.853857
0.794972,0.84671
0.802574,0.839135
0.810093,0.831125
0.817512,0.822674
0.824813,0.813778
0.831975,0.804429
0.838979,0.794622
0.8458,0.784353
0.852416,0.773615
0.8588,0.762405
0.864925,0.750718
0.870761,0.738553
0.876277,0.725906
0.881438,0.712777
0.886207,0.699167
0.890544,0.685079
0.894406,0.670518
0.897748,0.655493
0.90052,0.640015
0.90267,0.624102
0.904142,0.607774
0.904877,0.591061
0.904813,0.573997
0.903887,0.556627
0.902032,0.539006
0.899185,0.5212
0.895282,0.503289
0.890264,0.485366
0.884082,0.467539
0.876695,0.449933
0.86808,0.432685
0.858234,0.415945
0.847177,0.399871
0.83496,0.384625
0.821662,0.370361
0.807394,0.357226
0.792294,0.345345
0.776523,0.334815
0.760258,0.325702
0.743682,0.318038
0.726979,0.311819
0.71032,0.307011
0.693862,0.303553
0.677743,0.301364
0.662077,0.300348
0.64696,0.300401
0.632462,0.301416
0.618638,0.303284
0.605524,0.305902
0.593144,0.309171
0.581509,0.312999
0.570622,0.317301
0.560477,0.321999
0.551064,0.327022
0.542368,0.332306
0.534371,0.337796
0.527054,0.343438
0.520395,0.349187
0.514372,0.355002
0.508963,0.360847
0.504145,0.366687
0.499896,0.372494
0.496194,0.378241
0.493017,0.383905
0.490345,0.389464
0.488158,0.394899
0.486436,0.400192
0.48516,0.405329
0.484312,0.410295
0.483874,0.415076
0.483831,0.419662
0.484165,0.424041
0.484862,0.428203
0.485906,0.432139
0.487283,0.435841
0.48898,0.439301
0.490982,0.442511
0.493277,0.445465
0.495853,0.448155
0.498698,0.450576
0.501799,0.452722
0.505146,0.454587
0.508727,0.456165
0.512532,0.457451
0.516549,0.458441
0.52077,0.459129
0.525184,0.45951
0.52978,0.459579
0.534548,0.459331
0.53948,0.458762
0.544566,0.457867
0.549795,0.45664
0.555158,0.455078
0.560645,0.453174
0.566248,0.450925
0.571955,0.448324
0.577758,0.445367
0.583646,0.442049
0.589609,0.438364
0.595636,0.434306
0.601717,0.429871
0.607841,0.425052
0.613996,0.419843
0.620171,0.414239
0.626354,0.408233
0.632531,0.401818
0.63869,0.39499
0.644816,0.38774
0.650894,0.380062
0.65691,0.371949
0.662846,0.363395
0.668685,0.354393
0.674408,0.344935
0.679996,0.335014
0.685427,0.324624
0.690678,0.313758
0.695725,0.30241
0.700542,0.290574
0.705099,0.278243
0.709366,0.265415
0.71331,0.252084
0.716894,0.238248
0.720081,0.223907
0.722826,0.209062
0.725086,0.193717
0.726811,0.177879
0.727947,0.161558
0.728438,0.14477
0.728224,0.127537
0.72724,0.109888
0.725419,0.0918592
0.722691,0.073498
0.718986,0.0548625
0.714233,0.0360242
0.708364,0.0170689
0.701318,-0.00190213
0.693043,-0.0207712
0.683499,-0.0394053
0.672667,-0.0576569
0.660551,-0.0753681
0.64718,-0.0923746
0.632616,-0.108513
0.61695,-0.123628
0.600304,-0.13758
0.582827,-0.150254
0.564682,-0.161565
0.546049,-0.171459
0.527106,-0.179919
0.508026,-0.186956
0.488972,-0.192613
0.470087,-0.196952
0.451498,-0.200054
0.433307,-0.20201
0.4156,-0.202918
0.398441,-0.202878
0.381878,-0.201988
0.365945,-0.200342
0.350664,-0.198031
0.336045,-0.195139
0.322092,-0.191744
0.308801,-0.187916
0.296163,-0.183721
0.284164,-0.179218
0.272791,-0.174459
0.262024,-0.169492
0.251844,-0.164361
0.24223,-0.159104
0.233163,-0.153756
0.22462,-0.148347
0.21658,-0.142906
0.209021,-0.137457
0.201924,-0.132023
0.195267,-0.126623
0.189031,-0.121276
0.183195,-0.115997
0.17774,-0.110801
0.172648,-0.1057
0.167901,-0.100706
0.163482,-0.095829
0.159373,-0.0910777
0.155558,-0.0864605
0.152022,-0.0819843
0.148749,-0.0776556
0.145724,-0.0734798
0.142932,-0.0694618
0.140362,-0.065606
0.137997,-0.061916
0.135827,-0.058395
0.133838,-0.0550457
0.132019,-0.0518704
0.130357,-0.048871
0.128841,-0.0460491
0.12746,-0.0434058
0.126205,-0.040942
0.125063,-0.0386583
0.124026,-0.036555
0.123084,-0.0346323
0.122227,-0.03289
0.121447,-0.0313278
0.120735,-0.0299452
0.120082,-0.0287416
0.11948,-0.027716
0.118921,-0.0268675
0.118398,-0.026195
0.117904,-0.0256973
0.11743,-0.0253732
0.11697,-0.0252211
0.116518,-0.0252397
0.116067,-0.0254275
0.115611,-0.0257829
0.115143,-0.0263043
0.114659,-0.0269902
0.114151,-0.0278389
0.113616,-0.028849
0.113048,-0.0300189
0.112441,-0.0313471
0.111792,-0.0328323
0.111094,-0.0344731
0.110344,-0.0362684
0.109537,-0.0382171
0.108669,-0.0403182
0.107736,-0.042571
0.106733,-0.0449749
0.105657,-0.0475295
0.104502,-0.0502346
0.103266,-0.0530904
0.101944,-0.0560971
0.100532,-0.0592553
0.0990261,-0.062566
0.0974212,-0.0660302
0.0957132,-0.0696496
0.0938973,-0.0734259
0.0919684,-0.0773613
0.0899212,-0.0814585
0.0877501,-0.0857202
0.0854487,-0.0901499
0.0830105,-0.0947511
0.0804282,-0.0995279
0.0776938,-0.104485
0.0747986,-0.109626
0.071733,-0.114958
0.0684864,-0.120485
0.0650472,-0.126214
0.0614025,-0.13215
0.0575379,-0.1383
0.0534375,-0.144671
0.0490836,-0.151269
0.0444563,-0.158102
0.0395338,-0.165177
0.0342911,-0.1725
0.0287007,-0.180079
0.0227312,-0.18792
0.0163476,-0.196028
0.00950997,-0.204408
0.00217308,-0.213064
-0.00571466,-0.221997
-0.0142123,-0.231204
-0.0233876,-0.24068
-0.033319,-0.250413
-0.0440971,-0.260384
-0.0558275,-0.27056
-0.0686329,-0.280894
-0.0826562,-0.291314
-0.0980629,-0.301715
-0.115042,-0.311943
-0.133802,-0.321771
-0.15456,-0.330871
-0.177508,-0.338774
-0.202748,-0.34483
-0.230166,-0.348205
-0.259267,-0.347966
-0.289058,-0.343346
-0.318162,-0.334115
-0.34525,-0.320777
-0.369468,-0.30435
-0.390541,-0.28595
-0.408599,-0.266503
-0.423964,-0.246669
-0.437005,-0.22688
-0.448068,-0.207404
-0.457456,-0.188401
-0.46542,-0.169962
-0.472171,-0.152135
-0.47788,-0.134943
-0.482689,-0.118388
-0.486717,-0.102468
-0.490061,-0.0871712
-0.492805,-0.0724841
-0.495018,-0.0583916
-0.496761,-0.0448778
-0.498085,-0.0319271
-0.499035,-0.0195243
-0.499651,-0.00765464
-0.499968,0.0036955
-0.500015,0.014539
-0.49982,0.024888
-0.499409,0.0347536
-0.498803,0.044146
-0.498024,0.0530747
-0.497089,0.0615484
-0.496016,0.0695752
-0.494821,0.0771621
-0.49352,0.0843159
-0.492126,0.0910425
-0.490654,0.0973472
-0.489116,0.103235
-0.487525,0.10871
-0.485892,0.113776
-0.48423,0.118436
-0.48255,0.122694
-0.480863,0.126551
-0.47918,0.130009
-0.477514,0.13307
-0.475874,0.135736
-0.474274,0.138007
-0.472723,0.139882
-0.471235,0.141363
-0.469822,0.142449
-0.468496,0.14314
-0.467271,0.143434
-0.46616,0.143329
-0.465178,0.142825
-0.464341,0.141919
-0.463665,0.14061
-0.463167,0.138894
-0.462866,0.136769
-0.462783,0.134231
-0.462939,0.131279
-0.463358,0.127908
-0.464066,0.124116
-0.465092,0.119899
-0.466467,0.115255
-0.468227,0.110182
-0.470409,0.104677
-0.473058,0.0987397
-0.476223,0.092372
-0.47996,0.0855767
-0.48433,0.0783604
-0.489406,0.070734
-0.495271,0.0627149
-0.502018,0.054329
-0.509757,0.0456149
-0.518613,0.0366284
-0.52873,0.0274501
-0.540273,0.0181957
-0.553423,0.00903016
-0.568375,0.000187949
-0.585322,-0.00800173
-0.604419,-0.0150865
-0.625723,-0.02047
-0.649097,-0.0234249
-0.674093,-0.0231809
-0.699897,-0.0191183
-0.725422,-0.0110095
-0.749579,0.00085414
-0.771568,0.0157712
-0.790988,0.0328838
-0.807778,0.051395
-0.822087,0.0706691
-0.834154,0.0902424
-0.844246,0.109794
-0.852616,0.12911
-0.859492,0.148048
-0.865071,0.166521
-0.869522,0.184473
-0.872989,0.201872
-0.875593,0.218702
-0.877439,0.234955
-0.878615,0.250634
-0.879198,0.265741
-0.879254,0.280284
-0.87884,0.294274
-0.878007,0.307718
-0.876798,0.320628
-0.875254,0.333015
-0.873407,0.344888
-0.87129,0.356258
-0.86893,0.367133
-0.866354,0.377524
-0.863583,0.387438
-0.860639,0.396884
-0.857541,0.405869
-0.854308,0.4144
-0.850956,0.422483
-0.847501,0.430124
-0.843957,0.43733
-0.840339,0.444104
-0.83666,0.45045
-0.832932,0.456374
-0.829168,0.461878
-0.82538,0.466966
-0.82158,0.47164
-0.817778,0.475902
-0.813987,0.479754
-0.810217,0.483197
-0.80648,0.486234
-0.802787,0.488863
-0.799149,0.491086
-0.795579,0.492903
-0.792088,0.494312
-0.788689,0.495313
-0.785393,0.495905
-0.782216,0.496086
-0.779171,0.495855
-0.776271,0.495209
-0.773534,0.494145
-0.770976,0.492661
-0.768615,0.490753
-0.766469,0.488417
-0.76456,0.485651
-0.76291,0.48245
-0.761544,0.478809
-0.760489,0.474725
-0.759774,0.470193
-0.759433,0.46521
-0.759503,0.459771
-0.760025,0.453874
-0.761045,0.447517
-0.762617,0.4407
-0.764799,0.433424
-0.767662,0.425697
-0.771282,0.417527
-0.775753,0.408934
-0.781178,0.399946
-0.78768,0.390604
-0.795402,0.380974
-0.804507,0.371148
-0.815181,0.361265
-0.827632,0.351525
-0.842077,0.342216
-0.858716,0.333747
-0.877683,0.326676
-0.898952,0.321721
-0.922216,0.319705
-0.946774,0.321388
-0.971566,0.3272
-0.995412,0.337036
-1.01735,0.350286
-1.03682,0.366085
-1.05367,0.383578
-1.068,0.40206
-1.08002,0.42101
-1.08999,0.440061
-1.09818,0.458968
-1.10482,0.477568
-1.11011,0.495756
-1.11423,0.513467
-1.11733,0.53066
-1.11953,0.547312
-1.12094,0.563414
-1.12166,0.578961
-1.12176,0.593955
-1.12131,0.608402
-1.12037,0.622308
-1.11899,0.635683
-1.11722,0.648535
-1.11509,0.660874
-1.11265,0.672709
-1.10993,0.684049
-1.10694,0.694903
-1.10373,0.70528
-1.10031,0.715186
-1.09671,0.724631
-1.09294,0.733621
-1.08902,0.742162
-1.08497,0.75026
-1.08081,0.757922
-1.07655,0.765151
-1.07221,0.771953
-1.06779,0.778332
-1.06331,0.784291
-1.05879,0.789834
-1.05423,0.794964
-1.04966,0.799682
-1.04507,0.803991
-1.04047,0.807893
-1.03589,0.811388
-1.03134,0.814478
-1.02681,0.817162
-1.02233,0.819442
-1.01791,0.821316
-1.01355,0.822783
-1.00927,0.823844
-1.00509,0.824496
-1.00101,0.824737
-0.997043,0.824566
-0.993213,0.823979
-0.989529,0.822974
-0.986009,0.821547
-0.98267,0.819695
-0.979528,0.817413
-0.976605,0.814698
-0.973921,0.811544
-0.9715,0.807947
-0.969367,0.803902
-0.967551,0.799403
-0.966081,0.794444
-0.964994,0.789022
-0.964328,0.783131
-0.964126,0.776767
-0.964438,0.769928
-0.965319,0.762611
-0.966835,0.754819
-0.969057,0.746557
-0.972073,0.737835
-0.97598,0.728673
-0.980893,0.7191
-0.986947,0.709164
-0.994298,0.698937
-1.00313,0.688528
-1.01364,0.678094
-1.02606,0.667873
-1.04062,0.658204
-1.05752,0.649569
-1.07685,0.64262
-1.09848,0.638164
-1.12192,0.637059
-1.14627,0.639974
-1.17033,0.647106
-1.19296,0.658075
-1.21337,0.672093
-1.23122,0.688259
-1.24649,0.705777
-1.25934,0.724031
-1.27004,0.74258
-1.27884,0.761123
-1.28598,0.779458
-1.29168,0.797454
-1.29613,0.815026
-1.29949,0.83212
-1.30189,0.848705
-1.30345,0.864763
-1.30427,0.880286
-1.30443,0.895272
-1.304,0.909724
-1.30304,0.923647
-1.30162,0.937048
-1.29978,0.949935
-1.29756,0.962315
-1.295,0.974198
-1.29213,0.985592
-1.28899,0.996505
-1.2856,1.00695
-1.28198,1.01692
-1.27815,1.02644
-1.27415,1.0355
-1.26998,1.04413
-1.26566,1.05231
-1.26122,1.06005
-1.25666,1.06737
-1.252,1.07427
-1.24726,1.08074
-1.24244,1.0868
-1.23757,1.09244
-1.23264,1.09767
-1.22768,1.10249
-1.22269,1.10691
-1.21769,1.11091
-1.21269,1.11452
-1.2077,1.11772
-1.20272,1.12051
-1.19778,1.1229
-1.19287,1.12489
-1.18802,1.12647
-1.18324,1.12765
-1.17853,1.12842
-1.17391,1.12878
-1.16939,1.12872
-1.16499,1.12825
-1.16072,1.12736
-1.1566,1.12605
-1.15263,1.12431
-1.14885,1.12214
-1.14526,1.11954
-1.14189,1.1165
-1.13876,1.11301
-1.1359,1.10907
-1.13332,1.10467
-1.13107,1.09981
-1.12917,1.09447
-1.12766,1.08866
-1.12657,1.08237
-1.12596,1.07559
-1.12588,1.06833
-1.12639,1.06057
-1.12755,1.05231
-1.12945,1.04357
-1.13218,1.03436
-1.13584,1.02469
-1.14055,1.0146
-1.14648,1.00415
-1.15378,0.993405
-1.16266,0.982504
-1.17334,0.97163
-1.18606,0.96106
-1.20106,0.951194
-1.21851,0.942596
-1.23844,0.936009
-1.26058,0.932306
-1.28425,0.93232
-1.30836,0.936551
-1.33168,0.944932
-1.35319,0.956853
-1.37229,0.971435
-1.38883,0.987807
-1.40286,1.00525
-1.41462,1.02324
-1.42435,1.04139
-1.43231,1.05947
-1.43873,1.0773
-1.4438,1.09477
-1.4477,1.11182
-1.45056,1.12839
-1.45253,1.14447
-1.45369,1.16003
-1.45415,1.17508
-1.45397,1.1896
-1.45324,1.20361
-1.452,1.2171
-1.4503,1.23009
-1.4482,1.24258
-1.44573,1.25458
-1.44293,1.2661
-1.43982,1.27714
-1.43645,1.28771
-1.43282,1.29782
-1.42897,1.30747
-1.42493,1.31668
-1.4207,1.32544
-1.4163,1.33377
-1.41176,1.34167
-1.40709,1.34914
-1.4023,1.35619
-1.39741,1.36282
-1.39244,1.36903
-1.38738,1.37483
-1.38227,1.38022
-1.3771,1.38521
-1.37189,1.38979
-1.36666,1.39396
-1.3614,1.39773
-1.35614,1.4011
-1.35089,1.40406
-1.34565,1.40662
-1.34044,1.40878
-1.33526,1.41054
-1.33014,1.41188
-1.32507,1.41282
-1.32008,1.41335
-1.31517,1.41347
-1.31037,1.41317
-1.30567,1.41246
-1.30111,1.41132
-1.29668,1.40975
-1.29242,1.40775
-1.28833,1.40532
-1.28444,1.40244
-1.28077,1.39912
-1.27734,1.39534
-1.27417,1.3911
-1.2713,1.3864
-1.26875,1.38121
-1.26655,1.37555
-1.26476,1.3694
-1.2634,1.36275
-1.26252,1.3556
-1.2622,1.34795
-1.26247,1.33978
-1.26343,1.33111
-1.26515,1.32194
-1.26774,1.31227
-1.27131,1.30214
-1.276,1.29158
-1.28197,1.28065
-1.2894,1.26945
-1.29851,1.25813
-1.30955,1.2469
-1.32277,1.2361
-1.3384,1.22619
-1.35657,1.21783
-1.37722,1.21184
-1.39989,1.20913
-1.42371,1.21044
-1.44745,1.21603
-1.46994,1.22558
-1.49034,1.23831
-1.50825,1.25331
-1.52363,1.26978
-1.53663,1.2871
-1.54749,1.3048
-1.55645,1.32258
-1.56375,1.34023
-1.56961,1.3576
-1.5742,1.3746
-1.57769,1.39118
-1.5802,1.4073
-1.58186,1.42293
-1.58275,1.43806
-1.58296,1.4527
-1.58257,1.46682
-1.58164,1.48045
-1.58021,1.49358
-1.57835,1.50622
-1.57609,1.51838
-1.57346,1.53005
-1.57051,1.54126
-1.56727,1.552
-1.56375,1.56229
-1.55999,1.57213
-1.556,1.58152
-1.55182,1.59047
-1.54745,1.59898
-1.54292,1.60707
-1.53824,1.61474
-1.53342,1.62198
-1.52849,1.62881
-1.52345,1.63522
-1.51833,1.64123
-1.51312,1.64682
-1.50784,1.65201
-1.50251,1.65679
-1.49714,1.66117
-1.49174,1.66515
-1.48631,1.66873
-1.48087,1.6719
-1.47543,1.67468
-1.47001,1.67705
-1.4646,1.67901
-1.45923,1.68058
-1.4539,1.68173
-1.44864,1.68247
-1.44344,1.68281
-1.43832,1.68272
-1.4333,1.68222
-1.42838,1.6813
-1.4236,1.67994
-1.41895,1.67816
-1.41446,1.67594
-1.41014,1.67327
-1.40602,1.67016
-1.40212,1.66659
-1.39846,1.66256
-1.39506,1.65805
-1.39196,1.65307
-1.38919,1.6476
-1.38678,1.64164
-1.38477,1.63517
-1.38321,1.6282
-1.38215,1.6207
-1.38165,1.61269
-1.38178,1.60415
-1.38262,1.59508
-1.38425,1.5855
-1.38679,1.57541
-1.39037,1.56484
-1.39513,1.55384
-1.40125,1.54247
-1.40893,1.53086
-1.41842,1.51917
-1.42996,1.50767
-1.44382,1.49674
-1.46021,1.48693
-1.4792,1.479
-1.50059,1.47384
-1.52372,1.47233
-1.54753,1.47505
-1.57075,1.48199
-1.59233,1.49258
-1.61162,1.50596
-1.62842,1.52127
-1.64278,1.53776
-1.65488,1.55491
-1.66496,1.57232
-1.67327,1.58973
-1.68003,1.60697
-1.68543,1.62392
-1.68964,1.6405
-1.69281,1.65666
-1.69505,1.67236
-1.69647,1.68759
-1.69716,1.70234
-1.6972,1.71661
-1.69666,1.73038
-1.69559,1.74368
-1.69404,1.75649
-1.69207,1.76882
-1.6897,1.78068
-1.68698,1.79208
-1.68394,1.80302
-1.6806,1.81351
-1.677,1.82355
-1.67315,1.83315
-1.66908,1.84231
-1.66481,1.85105
-1.66036,1.85936
-1.65573,1.86724
-1.65096,1.87471
-1.64605,1.88176
-1.64102,1.8884
-1.63588,1.89464
-1.63065,1.90046
-1.62533,1.90588
-1.61995,1.9109
-1.6145,1.91552
-1.60901,1.91974
-1.60348,1.92355
-1.59792,1.92697
-1.59235,1.92998
-1.58677,1.9326
-1.5812,1.93481
-1.57565,1.93661
-1.57013,1.93801
-1.56464,1.939
-1.55921,1.93958
-1.55385,1.93974
-1.54856,1.93948
-1.54337,1.9388
-1.53828,1.9377
-1.53331,1.93616
-1.52848,1.93418
-1.5238,1.93176
-1.5193,1.92889
-1.51499,1.92557
-1.5109,1.92177
-1.50705,1.91751
-1.50347,1.91276
-1.50019,1.90753
-1.49723,1.90179
-1.49465,1.89555
-1.49248,1.88879
-1.49076,1.8815
-1.48957,1.87368
-1.48895,1.86532
-1.48898,1.85642
-1.48975,1.84698
-1.49135,1.837
-1.49391,1.8265
-1.49756,1.81551
-1.50247,1.80409
-1.50883,1.79231
-1.51686,1.78032
-1.52682,1.76832
-1.53898,1.75661
-1.5536,1.74567
-1.57085,1.73613
-1.59072,1.72883
-1.6128,1.72472
-1.63625,1.72457
-1.65985,1.72874
-1.6824,1.73693
-1.703,1.74843
-1.72123,1.76232
-1.73699,1.77782
-1.75042,1.79427
-1.76172,1.81121
-1.77114,1.82832
-1.77889,1.84538
-1.78519,1.86224
-1.7902,1.87879
-1.7941,1.89497
-1.797,1.91074
-1.79902,1.92607
-1.80026,1.94094
-1.8008,1.95534
-1.80071,1.96927
-1.80005,1.98273
-1.79889,1.99572
-1.79726,2.00825
-1.79521,2.02031
-1.79277,2.03191
-1.78999,2.04306
-1.78689,2.05376
-1.7835,2.06403
-1.77984,2.07385
-1.77594,2.08324
-1.77181,2.09221
-1.76749,2.10075
-1.76297,2.10888
-1.75829,2.11659
-1.75346,2.12388
-1.74848,2.13077
-1.74338,2.13725
-1.73817,2.14333
-1.73286,2.14901
-1.72747,2.15428
-1.722,2.15916
-1.71646,2.16363
-1.71088,2.16771
-1.70525,2.17138
-1.69959,2.17466
-1.69391,2.17754
-1.68822,2.18001
-1.68253,2.18208
-1.67686,2.18375
-1.67121,2.185
-1.6656,2.18585
-1.66003,2.18628
-1.65453,2.1863
-1.6491,2.18589
-1.64376,2.18505
-1.63852,2.18379
-1.6334,2.18208
-1.62841,2.17993
-1.62358,2.17733
-1.61891,2.17428
-1.61444,2.17075
-1.61019,2.16675
-1.60618,2.16227
-1.60243,2.1573
-1.59899,2.15182
-1.59589,2.14584
-1.59316,2.13933
-1.59085,2.13228
-1.58902,2.1247
-1.58771,2.11656
-1.58701,2.10787
-1.58698,2.09862
-1.58772,2.0888
-1.58934,2.07844
-1.59197,2.06754
-1.59575,2.05614
-1.60088,2.04431
-1.60755,2.03215
-1.61601,2.01981
-1.62655,2.00754
-1.63943,1.99572
-1.65491,1.98489
-1.67309,1.97579
-1.69382,1.96934
-1.7165,1.96646
-1.74007,1.96778
-1.76328,1.97336
-1.78502,1.98269
-1.80462,1.99492
-1.82182,2.0092
-1.83663,2.02479
-1.84922,2.04115
-1.85981,2.05786
-1.86863,2.07467
-1.8759,2.09139
-1.88179,2.10788
-1.88648,2.12406
-1.89011,2.13987
-1.89279,2.15528
-1.89464,2.17026
-1.89573,2.18479
-1.89614,2.19888
-1.89595,2.2125
-1.89521,2.22567
-1.89398,2.23839
-1.89229,2.25065
-1.89019,2.26246
-1.88771,2.27382
-1.88488,2.28475
-1.88175,2.29524
-1.87832,2.3053
-1.87463,2.31493
-1.87069,2.32414
-1.86653,2.33293
-1.86217,2.3413
-1.85762,2.34926
-1.8529,2.35682
-1.84802,2.36396
-1.843,2.37071
-1.83785,2.37705
-1.83259,2.38299
-1.82722,2.38854
-1.82176,2.39368
-1.81622,2.39843
-1.81062,2.40278
-1.80496,2.40673
-1.79925,2.41029
-1.7935,2.41344
-1.78773,2.4162
-1.78195,2.41855
-1.77617,2.4205
-1.77039,2.42204
-1.76463,2.42318
-1.7589,2.4239
-1.75322,2.4242
-1.7476,2.42408
-1.74204,2.42354
-1.73657,2.42256
-1.73119,2.42115
-1.72594,2.41929
-1.72081,2.41698
-1.71583,2.41421
-1.71102,2.41098
-1.70641,2.40727
-1.70201,2.40308
-1.69785,2.3984
-1.69397,2.3932
-1.69039,2.3875
-1.68715,2.38127
-1.6843,2.3745
-1.68187,2.36718
-1.67994,2.35931
-1.67855,2.35086
-1.67778,2.34184
-1.67772,2.33224
-1.67847,2.32205
-1.68015,2.3113
-1.68288,2.30001
-1.68686,2.28821
-1.69225,2.27598
-1.69931,2.26345
-1.7083,2.2508
-1.7195,2.23833
-1.73321,2.22649
-1.74962,2.21592
-1.76877,2.20745
-1.7903,2.20205
-1.81341,2.20056
-1.8369,2.20338
-1.85953,2.21029
-1.88039,2.22059
-1.89899,2.23342
-1.91521,2.24796
-1.92914,2.26357
-1.94097,2.27979
-1.95093,2.29626
-1.95923,2.31277
-1.96606,2.32915
-1.97161,2.34529
-1.97602,2.36112
-1.97941,2.37658
-1.98191,2.39165
-1.9836,2.40631
-1.98457,2.42053
-1.98489,2.43431
-1.98462,2.44766
-1.98381,2.46056
-1.98253,2.47302
-1.98079,2.48504
-1.97866,2.49662
-1.97615,2.50777
-1.9733,2.51849
-1.97014,2.52878
-1.9667,2.53866
-1.96299,2.54811
-1.95903,2.55715
-1.95485,2.56578
-1.95046,2.57401
-1.94589,2.58182
-1.94114,2.58924
-1.93623,2.59625
-1.93117,2.60286
-1.92599,2.60908
-1.92068,2.6149
-1.91527,2.62033
-1.90976,2.62536
-1.90417,2.62999
-1.89851,2.63423
-1.89278,2.63808
-1.887,2.64152
-1.88119,2.64457
-1.87534,2.64722
-1.86947,2.64947
-1.8636,2.65131
-1.85773,2.65274
-1.85187,2.65376
-1.84605,2.65437
-1.84026,2.65455
-1.83452,2.65431
-1.82885,2.65364
-1.82326,2.65254
-1.81776,2.65099
-1.81237,2.64899
-1.80712,2.64653
-1.80201,2.64361
-1.79707,2.64021
-1.79232,2.63633
-1.78779,2.63195
-1.7835,2.62707
-1.77948,2.62167
-1.77578,2.61574
-1.77242,2.60927
-1.76945,2.60224
-1.76693,2.59466
-1.76491,2.58649
-1.76346,2.57773
-1.76266,2.56838
-1.76259,2.55843
-1.76337,2.54788
-1.76514,2.53675
-1.76803,2.52506
-1.77223,2.51286
-1.77797,2.50025
-1.78549,2.48737
-1.79508,2.47445
-1.80705,2.46186
-1.82166,2.45011
-1.83907,2.43996
-1.85917,2.43233
-1.8814,2.42817
-1.90474,2.42817
-1.92794,2.43245
-1.94985,2.44055
-1.96977,2.45167
-1.98739,2.46494
-2.0027,2.47965
-2.01582,2.49523
-2.02697,2.51127
-2.03636,2.5275
-2.04419,2.5437
-2.05065,2.55975
-2.05588,2.57556
-2.06004,2.59105
-2.06323,2.60619
-2.06557,2.62094
-2.06713,2.63528
-2.068,2.64922
-2.06824,2.66272
-2.06791,2.6758
-2.06705,2.68845
-2.06573,2.70067
-2.06397,2.71247
-2.06181,2.72384
-2.05929,2.73479
-2.05642,2.74532
-2.05325,2.75543
-2.04979,2.76514
-2.04607,2.77443
-2.04211,2.78332
-2.03791,2.7918
-2.03351,2.79988
-2.02892,2.80757
-2.02415,2.81485
-2.01922,2.82175
-2.01414,2.82824
-2.00893,2.83435
-2.00359,2.84006
-1.99814,2.84538
-1.99259,2.85031
-1.98695,2.85484
-1.98124,2.85898
-1.97545,2.86273
-1.96962,2.86608
-1.96373,2.86903
-1.95781,2.87159
-1.95187,2.87374
-1.94592,2.87548
-1.93996,2.87681
-1.93402,2.87773
-1.92809,2.87823
-1.92221,2.87831
-1.91636,2.87796
-1.91058,2.87717
-1.90488,2.87594
-1.89927,2.87427
-1.89376,2.87213
-1.88838,2.86953
-1.88315,2.86646
-1.87809,2.8629
-1.87321,2.85885
-1.86855,2.85429
-1.86414,2.84922
-1.86,2.84361
-1.85618,2.83746
-1.85271,2.83076
-1.84965,2.82348
-1.84704,2.81562
-1.84495,2.80717
-1.84345,2.7981
-1.84263,2.78842
-1.84258,2.77812
-1.84343,2.7672
-1.84531,2.75568
-1.8484,2.74359
-1.85289,2.731
-1.85903,2.71802
-1.86709,2.70481
-1.87737,2.69168
-1.89019,2.67904
-1.90579,2.66753
-1.92423,2.65799
-1.94522,2.65139
-1.96798,2.64863
-1.99134,2.65015
-2.01404,2.65581
-2.03514,2.66495
-2.05411,2.67672
-2.0708,2.69033
-2.08525,2.70511
-2.09764,2.7206
-2.10817,2.73645
-2.11705,2.75241
-2.12446,2.76832
-2.13058,2.78406
-2.13554,2.79954
-2.13948,2.81471
-2.14249,2.82954
-2.14469,2.84399
-2.14614,2.85805
-2.14692,2.8717
-2.1471,2.88495
-2.14671,2.89778
-2.14582,2.91019
-2.14447,2.92219
-2.14269,2.93378
-2.14052,2.94495
-2.13798,2.95571
-2.13512,2.96606
-2.13194,2.97601
-2.12848,2.98556
-2.12475,2.9947
-2.12078,3.00345
-2.11658,3.0118
-2.11218,3.01975
-2.10757,3.02731
-2.10279,3.03448
-2.09784,3.04126
-2.09274,3.04766
-2.08751,3.05366
-2.08214,3.05927
-2.07666,3.06449
-2.07107,3.06933
-2.06539,3.07377
-2.05963,3.07782
-2.0538,3.08148
-2.04791,3.08475
-2.04196,3.08761
-2.03598,3.09008
-2.02997,3.09214
-2.02394,3.09379
-2.0179,3.09503
-2.01187,3.09586
-2.00586,3.09626
-1.99987,3.09624
-1.99393,3.09578
-1.98805,3.09489
-1.98224,3.09354
-1.97651,3.09174
-1.97089,3.08948
-1.9654,3.08675
-1.96005,3.08353
-1.95486,3.07982
-1.94986,3.0756
-1.94508,3.07087
-1.94055,3.0656
-1.9363,3.0598
-1.93237,3.05343
-1.9288,3.04649
-1.92564,3.03896
-1.92296,3.03083
-1.92081,3.02208
-1.91928,3.0127
-1.91846,3.00268
-1.91845,2.99202
-1.91939,2.98073
-1.92143,2.96882
-1.92476,2.95633
-1.92959,2.94335
-1.9362,2.93001
-1.94488,2.91652
-1.95594,2.90324
-1.9697,2.89066
-1.98635,2.87954
-2.00581,2.87081
-2.02758,2.86544
-2.05067,2.86417
-2.07382,2.8672
-2.09588,2.8741
-2.11611,2.88411
-2.13414,2.89639
-2.14994,2.91022
-2.1636,2.92502
-2.17532,2.94039
-2.1853,2.95602
-2.19372,2.97172
-2.20075,2.98733
-2.20657,3.00276
-2.21128,3.01793
-2.21502,3.0328
-2.21789,3.04733
-2.21996,3.06149
-2.22132,3.07528
-2.22202,3.08867
-2.22214,3.10167
-2.22172,3.11427
-2.2208,3.12646
-2.21943,3.13825
-2.21763,3.14964
-2.21545,3.16063
-2.21292,3.17121
-2.21005,3.1814
-2.20687,3.19119
-2.20341,3.20059
-2.19969,3.20959
-2.19572,3.21821
-2.19152,3.22643
-2.1871,3.23427
-2.1825,3.24172
-2.1777,3.24878
-2.17274,3.25546
-2.16763,3.26175
-2.16237,3.26766
-2.15698,3.27318
-2.15147,3.27832
-2.14585,3.28307
-2.14014,3.28743
-2.13433,3.2914
-2.12845,3.29498
-2.12251,3.29816
-2.1165,3.30094
-2.11046,3.30333
-2.10438,3.30531
-2.09828,3.30688
-2.09216,3.30803
-2.08605,3.30877
-2.07995,3.30909
-2.07388,3.30897
-2.06784,3.30841
-2.06185,3.30741
-2.05594,3.30596
-2.05011,3.30405
-2.04437,3.30166
-2.03876,3.2988
-2.0333,3.29544
-2.02799,3.29158
-2.02288,3.2872
-2.01798,3.28229
-2.01334,3.27684
-2.00897,3.27082
-2.00494,3.26424
-2.00127,3.25706
-1.99804,3.24928
-1.99528,3.24087
-1.99309,3.23182
-1.99154,3.22213
-1.99074,3.21177
-1.99079,3.20074
-1.99185,3.18907
-1.99409,3.17676
-1.9977,3.16388
-2.00294,3.15051
-2.01009,3.13683
-2.01947,3.1231
-2.03141,3.10975
-2.04619,3.09737
-2.06392,3.08682
-2.08434,3.07909
-2.10673,3.07511
-2.12992,3.07539
-2.15267,3.07983
-2.17398,3.08782
-2.1933,3.09854
-2.21043,3.11121
-2.2254,3.12516
-2.23834,3.13993
-2.24945,3.15514
-2.25892,3.17055
-2.26693,3.18598
-2.27363,3.2013
-2.27916,3.21643
-2.28366,3.23131
-2.28723,3.24588
-2.28995,3.26013
-2.29192,3.27402
-2.29319,3.28755
-2.29384,3.30069
-2.29391,3.31346
-2.29345,3.32583
-2.29251,3.33782
-2.29112,3.34941
-2.28932,3.36061
-2.28714,3.37142
-2.2846,3.38184
-2.28174,3.39188
-2.27857,3.40152
-2.27511,3.41078
-2.27139,3.41966
-2.26742,3.42815
-2.26322,3.43625
-2.25881,3.44398
-2.2542,3.45133
-2.2494,3.45829
-2.24443,3.46487
-2.2393,3.47108
-2.23403,3.4769
-2.22861,3.48234
-2.22308,3.48739
-2.21743,3.49206
-2.21168,3.49635
-2.20583,3.50024
-2.19991,3.50374
-2.19391,3.50685
-2.18786,3.50956
-2.18175,3.51187
-2.1756,3.51378
-2.16943,3.51527
-2.16324,3.51635
-2.15705,3.517
-2.15086,3.51723
-2.1447,3.51702
-2.13856,3.51638
-2.13248,3.51528
-2.12646,3.51372
-2.12052,3.51169
-2.11468,3.50919
-2.10896,3.50619
-2.10338,3.5027
-2.09796,3.49868
-2.09273,3.49414
-2.08772,3.48906
-2.08296,3.48342
-2.07849,3.47721
-2.07436,3.4704
-2.0706,3.46298
-2.06729,3.45494
-2.06448,3.44625
-2.06226,3.4369
-2.0607,3.42688
-2.05993,3.41617
-2.06008,3.40477
-2.06129,3.3927
-2.06376,3.38
-2.06771,3.36671
-2.07342,3.35298
-2.08119,3.33899
-2.09136,3.32508
-2.10427,3.31175
-2.12014,3.29973
-2.13894,3.28995
-2.16022,3.28342
-2.18302,3.28094
-2.20609,3.28274
-2.22827,3.28846
-2.24876,3.29737
-2.26719,3.30866
-2.28345,3.3216
-2.29765,3.33562
-2.30993,3.35029
-2.32049,3.36533
-2.3295,3.38051
-2.33713,3.39567
-2.34352,3.41071
-2.34881,3.42556
-2.35312,3.44015
-2.35652,3.45444
-2.35913,3.46842
-2.361,3.48205
-2.3622,3.49533
-2.36279,3.50824
-2.36282,3.52078
-2.36234,3.53295
-2.36138,3.54473
-2.35998,3.55614
-2.35818,3.56716
-2.356,3.57781
-2.35346,3.58807
-2.3506,3.59796
-2.34744,3.60747
-2.34399,3.61659
-2.34027,3.62535
-2.33631,3.63372
-2.33211,3.64172
-2.3277,3.64934
-2.32309,3.65659
-2.31829,3.66346
-2.31331,3.66996
-2.30817,3.67608
-2.30287,3.68182
-2.29744,3.68718
-2.29188,3.69216
-2.2862,3.69676
-2.28042,3.70097
-2.27453,3.7048
-2.26856,3.70823
-2.26252,3.71127
-2.25641,3.71392
-2.25024,3.71616
-2.24403,3.71799
-2.23779,3.71941
-2.23153,3.72041
-2.22525,3.72099
-2.21898,3.72114
-2.21273,3.72084
-2.2065,3.7201
-2.20032,3.71891
-2.1942,3.71725
-2.18815,3.71511
-2.1822,3.71249
-2.17637,3.70937
-2.17067,3.70574
-2.16514,3.70158
-2.15979,3.69688
-2.15467,3.69162
-2.14981,3.68579
-2.14523,3.67937
-2.141,3.67234
-2.13717,3.66468
-2.13378,3.65637
-2.13093,3.64739
-2.12868,3.63773
-2.12714,3.62737
-2.12643,3.6163
-2.12668,3.60452
-2.12808,3.59206
-2.13083,3.57894
-2.13518,3.56526
-2.14143,3.55117
-2.1499,3.53691
-2.16096,3.5229
-2.17492,3.50972
-2.19191,3.49823
-2.21174,3.48942
-2.23372,3.48427
-2.2567,3.48333
-2.27945,3.48657
-2.30094,3.49343
-2.32058,3.5031
-2.33813,3.51482
-2.35359,3.52794
-2.36707,3.54196
-2.37875,3.55652
-2.3888,3.57137
-2.3974,3.5863
-2.40468,3.6012
-2.4108,3.61597
-2.41587,3.63054
-2.42,3.64485
-2.42327,3.65888
-2.42576,3.6726
