0,1
0.0100005,0.999938
0.0200007,0.99975
0.0299995,0.999437
0.0399955,0.999
0.0499875,0.998437
0.0599742,0.99775
0.0699544,0.996937
0.0799269,0.995999
0.0898903,0.994936
0.0998434,0.993748
0.109785,0.992436
0.119714,0.990998
0.129628,0.989435
0.139528,0.987748
0.14941,0.985936
0.159275,0.983999
0.16912,0.981937
0.178946,0.979751
0.188749,0.97744
0.198529,0.975005
0.208285,0.972446
0.218016,0.969762
0.227719,0.966955
0.237394,0.964023
0.24704,0.960968
0.256655,0.957789
0.266238,0.954486
0.275787,0.95106
0.285301,0.947511
0.29478,0.943839
0.304221,0.940043
0.313623,0.936126
0.322985,0.932085
0.332306,0.927922
0.341584,0.923638
0.350818,0.919231
0.360006,0.914703
0.369148,0.910053
0.378241,0.905282
0.387285,0.90039
0.396278,0.895378
0.405218,0.890245
0.414105,0.884992
0.422936,0.87962
0.431711,0.874128
0.440428,0.868517
0.449086,0.862787
0.457682,0.856938
0.466217,0.850972
0.474688,0.844888
0.483094,0.838686
0.491433,0.832368
0.499705,0.825933
0.507907,0.819382
0.516038,0.812715
0.524097,0.805933
0.532082,0.799036
0.539991,0.792025
0.547824,0.7849
0.555578,0.777661
0.563253,0.77031
0.570846,0.762847
0.578356,0.755272
0.585782,0.747586
0.593122,0.739789
0.600374,0.731882
0.607538,0.723866
0.614611,0.715741
0.621591,0.707508
0.628478,0.699168
0.63527,0.690721
0.641964,0.682168
0.64856,0.67351
0.655056,0.664747
0.661451,0.655881
0.667742,0.646911
0.673927,0.63784
0.680007,0.628667
0.685978,0.619394
0.691839,0.610021
0.697589,0.600549
0.703225,0.59098
0.708747,0.581314
0.714152,0.571552
0.719439,0.561696
0.724605,0.551746
0.729651,0.541703
0.734573,0.531568
0.73937,0.521343
0.74404,0.511029
0.748581,0.500627
0.752993,0.490137
0.757273,0.479562
0.761419,0.468903
0.765429,0.45816
0.769303,0.447335
0.773037,0.43643
0.776632,0.425446
0.780083,0.414385
0.783391,0.403247
0.786553,0.392035
0.789567,0.380749
0.792432,0.369392
0.795145,0.357965
0.797706,0.34647
0.800112,0.334908
0.802362,0.323282
0.804453,0.311593
0.806385,0.299842
0.808154,0.288032
0.809761,0.276165
0.811202,0.264242
0.812476,0.252266
0.813582,0.240239
0.814517,0.228163
0.815281,0.216039
0.81587,0.20387
0.816284,0.191659
0.816521,0.179408
0.816578,0.167118
0.816456,0.154793
0.816151,0.142435
0.815662,0.130047
0.814988,0.11763
0.814127,0.105188
0.813077,0.0927235
0.811837,0.080239
0.810405,0.0677373
0.80878,0.0552214
0.80696,0.0426942
0.804943,0.0301587
0.80273,0.0176179
0.800317,0.00507497
0.797703,-0.00746692
0.794888,-0.0200045
0.79187,-0.0325345
0.788647,-0.0450536
0.785219,-0.0575582
0.781583,-0.0700449
0.77774,-0.0825101
0.773688,-0.0949501
0.769425,-0.107361
0.764952,-0.11974
0.760266,-0.132082
0.755368,-0.144383
0.750255,-0.15664
0.744929,-0.168849
0.739386,-0.181005
0.733628,-0.193104
0.727654,-0.205142
0.721462,-0.217114
0.715053,-0.229017
0.708426,-0.240845
0.701581,-0.252594
0.694518,-0.264259
0.687237,-0.275837
0.679737,-0.287321
0.672019,-0.298707
0.664083,-0.30999
0.65593,-0.321165
0.647559,-0.332228
0.638972,-0.343173
0.630168,-0.353994
0.621149,-0.364687
0.611915,-0.375246
0.602468,-0.385667
0.592808,-0.395943
0.582937,-0.406068
0.572856,-0.416039
0.562567,-0.425848
0.552072,-0.435491
0.541371,-0.444961
0.530468,-0.454253
0.519365,-0.463362
0.508062,-0.47228
0.496564,-0.481003
0.484873,-0.489525
0.472991,-0.497839
0.460922,-0.505939
0.448669,-0.513821
0.436234,-0.521477
0.423622,-0.528902
0.410837,-0.536089
0.397882,-0.543033
0.384761,-0.549727
0.37148,-0.556166
0.358041,-0.562343
0.344451,-0.568252
0.330715,-0.573887
0.316837,-0.579243
0.302823,-0.584312
0.288679,-0.58909
0.274411,-0.593569
0.260025,-0.597745
0.245528,-0.601611
0.230926,-0.605161
0.216227,-0.608389
0.201437,-0.61129
0.186566,-0.613858
0.17162,-0.616087
0.156608,-0.617972
0.141538,-0.619507
0.12642,-0.620686
0.111262,-0.621505
0.0960744,-0.621958
0.0808673,-0.622039
0.0656507,-0.621745
0.0504355,-0.621069
0.0352329,-0.620008
0.0200545,-0.618556
0.00491235,-0.616709
-0.0101811,-0.614463
-0.0252127,-0.611814
-0.040169,-0.608758
-0.055036,-0.605291
-0.0697989,-0.60141
-0.0844425,-0.597112
-0.098951,-0.592394
-0.113308,-0.587253
-0.127496,-0.581688
-0.141496,-0.575697
-0.155291,-0.569279
-0.168861,-0.562433
-0.182184,-0.555158
-0.19524,-0.547457
-0.208006,-0.53933
-0.220459,-0.530779
-0.232573,-0.521808
-0.244323,-0.512422
-0.255682,-0.502624
-0.26662,-0.492424
-0.27711,-0.481829
-0.287118,-0.47085
-0.296613,-0.4595
-0.30556,-0.447795
-0.313924,-0.435751
-0.321667,-0.42339
-0.328751,-0.410738
-0.335136,-0.397824
-0.340782,-0.384681
-0.345648,-0.37135
-0.349691,-0.357875
-0.35287,-0.344309
-0.355147,-0.330713
-0.356483,-0.317155
-0.356845,-0.303712
-0.356205,-0.290473
-0.354543,-0.277533
-0.351848,-0.264999
-0.348123,-0.252987
-0.343388,-0.241619
-0.337678,-0.231023
-0.331053,-0.221325
-0.323595,-0.212651
-0.315409,-0.205116
-0.306623,-0.198821
-0.297387,-0.193845
-0.287864,-0.190239
-0.278225,-0.188028
-0.268644,-0.187201
-0.259288,-0.187721
-0.250312,-0.189519
-0.241851,-0.192507
-0.23402,-0.196577
-0.226908,-0.201613
-0.220585,-0.207493
-0.215097,-0.214095
-0.210472,-0.2213
-0.20672,-0.228997
-0.20384,-0.237081
-0.201819,-0.24546
-0.200638,-0.254047
-0.20027,-0.262767
-0.200686,-0.271554
-0.201853,-0.280348
-0.203736,-0.2891
-0.206302,-0.297764
-0.209517,-0.306303
-0.213346,-0.314683
-0.217757,-0.322876
-0.222718,-0.330856
-0.228199,-0.338603
-0.23417,-0.346099
-0.240604,-0.353329
-0.247474,-0.360277
-0.254755,-0.366934
-0.262424,-0.37329
-0.270457,-0.379335
-0.278835,-0.385063
-0.287535,-0.390468
-0.296539,-0.395543
-0.305829,-0.400286
-0.315388,-0.40469
-0.325197,-0.408754
-0.335243,-0.412473
-0.345509,-0.415846
-0.355981,-0.41887
-0.366645,-0.421542
-0.377489,-0.423862
-0.388498,-0.425827
-0.39966,-0.427435
-0.410963,-0.428685
-0.422397,-0.429576
-0.433948,-0.430106
-0.445606,-0.430275
-0.45736,-0.430079
-0.469199,-0.429519
-0.481113,-0.428592
-0.493091,-0.427298
-0.505122,-0.425634
-0.517197,-0.4236
-0.529305,-0.421193
-0.541435,-0.418413
-0.553577,-0.415256
-0.56572,-0.411723
-0.577854,-0.40781
-0.589968,-0.403515
-0.602051,-0.398838
-0.614092,-0.393775
-0.626078,-0.388325
-0.637998,-0.382485
-0.64984,-0.376253
-0.66159,-0.369627
-0.673237,-0.362605
-0.684765,-0.355185
-0.69616,-0.347363
-0.707407,-0.339139
-0.718491,-0.33051
-0.729395,-0.321474
-0.740101,-0.312029
-0.750591,-0.302174
-0.760845,-0.291908
-0.770842,-0.28123
-0.780561,-0.27014
-0.789978,-0.258638
-0.799068,-0.246724
-0.807805,-0.234402
-0.816159,-0.221674
-0.824102,-0.208545
-0.831601,-0.195021
-0.838621,-0.18111
-0.845126,-0.166823
-0.851077,-0.152172
-0.856432,-0.137174
-0.861149,-0.12185
-0.865181,-0.106225
-0.86848,-0.0903289
-0.870996,-0.0741986
-0.872678,-0.0578783
-0.873475,-0.0414204
-0.873334,-0.024887
-0.872207,-0.00835036
-0.870048,0.00810534
-0.866817,0.0243838
-0.862484,0.0403762
-0.85703,0.0559612
-0.850453,0.0710069
-0.842771,0.0853723
-0.834023,0.098912
-0.824278,0.11148
-0.813629,0.122939
-0.802198,0.133162
-0.790132,0.142045
-0.777597,0.149512
-0.764769,0.155515
-0.751833,0.160045
-0.738967,0.16312
-0.726338,0.164794
-0.714096,0.165143
-0.70237,0.164263
-0.691267,0.162263
-0.680868,0.159259
-0.671236,0.155369
-0.662412,0.15071
-0.654421,0.145392
-0.647273,0.139521
-0.640969,0.133192
-0.635498,0.126495
-0.630844,0.119508
-0.626987,0.112304
-0.623901,0.104945
-0.621559,0.0974889
-0.619932,0.0899854
-0.618991,0.0824787
-0.618706,0.0750079
-0.619048,0.0676073
-0.619988,0.060307
-0.621499,0.0531337
-0.623552,0.0461109
-0.626122,0.0392592
-0.629183,0.0325968
-0.632711,0.0261398
-0.636683,0.0199024
-0.641077,0.0138972
-0.645871,0.00813525
-0.651045,0.00262661
-0.656581,-0.00261991
-0.662459,-0.00759641
-0.668661,-0.0122958
-0.675172,-0.0167117
-0.681974,-0.0208384
-0.689052,-0.0246706
-0.696391,-0.0282036
-0.703977,-0.0314331
-0.711796,-0.034355
-0.719835,-0.0369655
-0.72808,-0.0392614
-0.736519,-0.0412392
-0.745141,-0.0428959
-0.753932,-0.0442286
-0.762883,-0.0452345
-0.771981,-0.0459109
-0.781215,-0.0462552
-0.790575,-0.0462647
-0.80005,-0.0459369
-0.80963,-0.0452693
-0.819304,-0.0442594
-0.829062,-0.0429047
-0.838893,-0.0412027
-0.848787,-0.0391509
-0.858735,-0.0367466
-0.868725,-0.0339873
-0.878747,-0.0308703
-0.888791,-0.0273929
-0.898846,-0.0235524
-0.908901,-0.019346
-0.918945,-0.0147709
-0.928967,-0.00982422
-0.938955,-0.00450297
-0.948897,0.0011958
-0.95878,0.00727507
-0.968593,0.0137379
-0.978321,0.0205872
-0.98795,0.0278262
-0.997467,0.0354577
-1.00686,0.0434848
-1.0161,0.0519102
-1.02518,0.0607368
-1.03409,0.069967
-1.0428,0.0796032
-1.05129,0.0896476
-1.05955,0.100102
-1.06754,0.110967
-1.07525,0.122243
-1.08265,0.133932
-1.08972,0.146031
-1.09642,0.158538
-1.10273,0.17145
-1.1086,0.184763
-1.11402,0.198469
-1.11893,0.21256
-1.12329,0.227022
-1.12708,0.241841
-1.13023,0.256998
-1.1327,0.272468
-1.13445,0.288221
-1.13541,0.304222
-1.13553,0.320425
-1.13475,0.336778
-1.13303,0.353217
-1.1303,0.369666
-1.12652,0.386039
-1.12164,0.402232
-1.11563,0.41813
-1.10846,0.433603
-1.10013,0.448508
-1.09066,0.462693
-1.0801,0.476
-1.06853,0.488273
-1.05604,0.499364
-1.04278,0.509141
-1.02891,0.5175
-1.01461,0.524366
-1.00008,0.529704
-0.985513,0.533514
-0.971097,0.535833
-0.957002,0.536731
-0.94338,0.536301
-0.930353,0.534655
-0.918021,0.531914
-0.906457,0.528203
-0.895713,0.523648
-0.88582,0.518368
-0.876793,0.512476
-0.868636,0.506077
-0.861339,0.499265
-0.854887,0.492127
-0.849259,0.484738
-0.844429,0.477166
-0.840369,0.469472
-0.837049,0.461708
-0.83444,0.453921
-0.832509,0.446153
-0.831228,0.438439
-0.830565,0.43081
-0.830493,0.423294
-0.830983,0.415915
-0.832008,0.408696
-0.833543,0.401654
-0.835562,0.394806
-0.838042,0.388166
-0.84096,0.381748
-0.844295,0.375564
-0.848027,0.369622
-0.852135,0.363933
-0.8566,0.358504
-0.861406,0.353342
-0.866534,0.348455
-0.871969,0.343847
-0.877695,0.339525
-0.883696,0.335493
-0.889959,0.331756
-0.896469,0.328318
-0.903213,0.325182
-0.910179,0.322353
-0.917352,0.319833
-0.924723,0.317626
-0.932277,0.315735
-0.940005,0.314163
-0.947895,0.312912
-0.955936,0.311985
-0.964117,0.311385
-0.972428,0.311115
-0.980858,0.311177
-0.989397,0.311574
-0.998034,0.312308
-1.00676,0.313383
-1.01556,0.3148
-1.02444,0.316562
-1.03337,0.318673
-1.04235,0.321134
-1.05136,0.323949
-1.06041,0.32712
-1.06947,0.330651
-1.07853,0.334544
-1.08759,0.338803
-1.09664,0.34343
-1.10565,0.348428
-1.11463,0.353802
-1.12355,0.359553
-1.13241,0.365685
-1.14118,0.372202
-1.14987,0.379107
-1.15845,0.386403
-1.16691,0.394093
-1.17522,0.40218
-1.18339,0.410667
-1.19138,0.419557
-1.19918,0.428854
-1.20676,0.438558
-1.21412,0.448672
-1.22121,0.459198
-1.22803,0.470136
-1.23455,0.481488
-1.24073,0.493251
-1.24655,0.505425
-1.25197,0.518006
-1.25697,0.530989
-1.26151,0.544369
-1.26554,0.558135
-1.26904,0.572277
-1.27194,0.586778
-1.27421,0.601619
-1.2758,0.616776
-1.27665,0.632219
-1.27671,0.647909
-1.27592,0.663802
-1.27423,0.679843
-1.27157,0.695965
-1.2679,0.712092
-1.26315,0.72813
-1.25729,0.743974
-1.25027,0.759503
-1.24209,0.774581
-1.23273,0.789058
-1.22222,0.802777
-1.21062,0.815574
-1.198,0.827289
-1.18449,0.837772
-1.17023,0.846891
-1.1554,0.854547
-1.14019,0.860672
-1.1248,0.86524
-1.10943,0.868264
-1.09427,0.869792
-1.07949,0.869906
-1.06524,0.868708
-1.05163,0.866319
-1.03876,0.862866
-1.0267,0.858479
-1.01547,0.853283
-1.00512,0.8474
-0.99565,0.840941
-0.987057,0.83401
-0.979328,0.826699
-0.972446,0.819091
-0.966386,0.811261
-0.96112,0.803272
-0.956618,0.795184
-0.952851,0.787047
-0.949786,0.778905
-0.947393,0.770796
-0.94564,0.762755
-0.944499,0.754812
-0.943939,0.746992
-0.943934,0.739318
-0.944457,0.731812
-0.945482,0.724489
-0.946985,0.717366
-0.948942,0.710456
-0.951331,0.703772
-0.954131,0.697324
-0.957322,0.691122
-0.960885,0.685175
-0.964801,0.679489
-0.969053,0.674072
-0.973623,0.66893
-0.978497,0.664068
-0.983659,0.659492
-0.989094,0.655205
-0.994787,0.651214
-1.00073,0.64752
-1.0069,0.644129
-1.01329,0.641043
-1.01989,0.638266
-1.02668,0.635801
-1.03366,0.63365
-1.0408,0.631817
-1.04812,0.630305
-1.05558,0.629115
-1.06318,0.628251
-1.07091,0.627716
-1.07876,0.627512
-1.08672,0.627641
-1.09478,0.628107
-1.10293,0.628911
-1.11116,0.630057
-1.11945,0.631548
-1.12781,0.633385
-1.13621,0.635573
-1.14465,0.638113
-1.15313,0.641009
-1.16161,0.644264
-1.17011,0.64788
-1.1786,0.651861
-1.18708,0.65621
-1.19552,0.660931
-1.20393,0.666026
-1.21229,0.671498
-1.22059,0.677352
-1.2288,0.683591
-1.23693,0.690218
-1.24494,0.697235
-1.25284,0.704648
-1.2606,0.712458
-1.2682,0.72067
-1.27563,0.729285
-1.28287,0.738307
-1.2899,0.747738
-1.29669,0.757581
-1.30323,0.767836
-1.30948,0.778505
-1.31543,0.789589
-1.32105,0.801086
-1.3263,0.812995
-1.33115,0.825313
-1.33557,0.838034
-1.33952,0.851153
-1.34297,0.86466
-1.34587,0.878542
-1.34817,0.892784
-1.34982,0.907365
-1.35079,0.92226
-1.351,0.937437
-1.35041,0.952858
-1.34896,0.968474
-1.34659,0.984228
-1.34324,1.00005
-1.33885,1.01586
-1.33337,1.03157
-1.32676,1.04705
-1.31899,1.06219
-1.31003,1.07684
-1.2999,1.09085
-1.28861,1.10405
-1.27624,1.11629
-1.26288,1.12739
-1.24864,1.13722
-1.23371,1.14564
-1.21824,1.15255
-1.20246,1.15792
-1.18655,1.16171
-1.17073,1.16396
-1.15518,1.16472
-1.14006,1.16409
-1.12551,1.16218
-1.11165,1.15911
-1.09855,1.15502
-1.08628,1.15003
-1.07487,1.14427
-1.06434,1.13785
-1.05469,1.1309
-1.04593,1.12351
-1.03803,1.11577
-1.03097,1.10775
-1.02472,1.09954
-1.01926,1.09119
-1.01456,1.08277
-1.01059,1.0743
-1.0073,1.06585
-1.00468,1.05745
-1.00269,1.04912
-1.0013,1.0409
-1.00049,1.03281
-1.00022,1.02488
-1.00047,1.01712
-1.00122,1.00955
-1.00244,1.00218
-1.0041,0.995031
-1.00619,0.98811
-1.00868,0.981428
-1.01156,0.974994
-1.01481,0.968816
-1.0184,0.962901
-1.02233,0.957257
-1.02657,0.951888
-1.03111,0.946801
-1.03594,0.942
-1.04103,0.937489
-1.04638,0.933273
-1.05197,0.929356
-1.05779,0.92574
-1.06383,0.92243
-1.07007,0.919429
-1.07651,0.916739
-1.08313,0.914364
-1.08992,0.912306
-1.09687,0.910568
-1.10397,0.909153
-1.11121,0.908064
-1.11857,0.907302
-1.12606,0.906872
-1.13365,0.906775
-1.14135,0.907014
-1.14913,0.907592
-1.15698,0.908511
-1.16491,0.909775
-1.1729,0.911385
-1.18093,0.913346
-1.189,0.91566
-1.1971,0.918329
-1.20522,0.921357
-1.21334,0.924748
-1.22146,0.928504
-1.22956,0.932628
-1.23764,0.937124
-1.24568,0.941995
-1.25366,0.947245
-1.26158,0.952877
-1.26942,0.958894
-1.27716,0.9653
-1.2848,0.972099
-1.29232,0.979294
-1.29969,0.986888
-1.30691,0.994884
-1.31396,1.00329
-1.32081,1.0121
-1.32744,1.02132
-1.33384,1.03095
-1.33998,1.041
-1.34584,1.05146
-1.35138,1.06234
-1.35658,1.07364
-1.36142,1.08534
-1.36584,1.09746
-1.36983,1.10998
-1.37335,1.12291
-1.37634,1.13621
-1.37878,1.1499
-1.38061,1.16394
-1.38179,1.17832
-1.38225,1.193
-1.38195,1.20797
-1.38084,1.22317
-1.37884,1.23855
-1.3759,1.25406
-1.37197,1.26962
-1.36697,1.28515
-1.36088,1.30054
-1.35363,1.31568
-1.34521,1.33043
-1.33559,1.34466
-1.3248,1.3582
-1.31286,1.37088
-1.29986,1.38254
-1.28589,1.39302
-1.27109,1.40217
-1.25564,1.40987
-1.23972,1.41605
-1.22354,1.42066
-1.2073,1.42369
-1.19121,1.42519
-1.17545,1.42522
-1.16017,1.42389
-1.1455,1.42132
-1.13155,1.41762
-1.11839,1.41294
-1.10608,1.40741
-1.09463,1.40115
-1.08407,1.39427
-1.0744,1.38689
-1.0656,1.37909
-1.05766,1.37098
-1.05055,1.36262
-1.04426,1.35408
-1.03873,1.34543
-1.03396,1.33671
-1.02989,1.32798
-1.02652,1.31926
-1.02379,1.31061
-1.02168,1.30204
-1.02017,1.29359
-1.01922,1.28528
-1.01881,1.27712
-1.01891,1.26915
-1.0195,1.26137
-1.02055,1.25379
-1.02204,1.24644
-1.02395,1.23932
-1.02626,1.23244
-1.02895,1.22581
-1.032,1.21944
-1.03539,1.21333
-1.03911,1.20749
-1.04314,1.20193
-1.04747,1.19665
-1.05207,1.19166
-1.05695,1.18696
-1.06207,1.18255
-1.06743,1.17845
-1.07303,1.17464
-1.07883,1.17114
-1.08484,1.16795
-1.09104,1.16507
-1.09742,1.16251
-1.10396,1.16026
-1.11067,1.15833
-1.11752,1.15673
-1.12451,1.15545
-1.13163,1.1545
-1.13887,1.15388
-1.14621,1.15359
-1.15365,1.15364
-1.16117,1.15403
-1.16878,1.15476
-1.17645,1.15584
-1.18418,1.15726
-1.19195,1.15903
-1.19976,1.16116
-1.2076,1.16364
-1.21546,1.16649
-1.22332,1.16969
-1.23117,1.17326
-1.23901,1.1772
-1.24682,1.18152
-1.25459,1.18621
-1.2623,1.19128
-1.26995,1.19673
-1.27751,1.20257
-1.28498,1.2088
-1.29235,1.21543
-1.29958,1.22245
-1.30668,1.22987
-1.31361,1.2377
-1.32037,1.24593
-1.32693,1.25458
-1.33327,1.26364
-1.33936,1.27311
-1.3452,1.283
-1.35074,1.2933
-1.35597,1.30403
-1.36085,1.31517
-1.36535,1.32672
-1.36944,1.33869
-1.37308,1.35106
-1.37623,1.36383
-1.37886,1.37698
-1.38091,1.39051
-1.38234,1.4044
-1.38311,1.41862
-1.38314,1.43314
-1.3824,1.44793
-1.38082,1.46294
-1.37834,1.47813
-1.3749,1.49342
-1.37044,1.50875
-1.3649,1.52401
-1.35824,1.53911
-1.35042,1.55392
-1.3414,1.5683
-1.33119,1.58211
-1.31981,1.59517
-1.3073,1.60733
-1.29374,1.6184
-1.27926,1.62825
-1.26399,1.63672
-1.24813,1.64371
-1.23186,1.64915
-1.2154,1.65301
-1.19895,1.6553
-1.1827,1.65607
-1.16684,1.65541
-1.15151,1.65342
-1.13684,1.65022
-1.1229,1.64595
-1.10978,1.64074
-1.09751,1.63471
-1.08612,1.62799
-1.07562,1.6207
-1.066,1.61294
-1.05725,1.60479
-1.04935,1.59635
-1.04228,1.58769
-1.036,1.57887
-1.03048,1.56996
-1.02571,1.56099
-1.02163,1.55202
-1.01823,1.54309
-1.01547,1.53422
-1.01332,1.52545
-1.01176,1.5168
-1.01074,1.50829
-1.01026,1.49995
-1.01028,1.4918
-1.01078,1.48384
-1.01174,1.47609
-1.01313,1.46857
-1.01493,1.46127
-1.01712,1.45423
-1.01969,1.44743
-1.02261,1.44089
-1.02587,1.43462
-1.02946,1.42862
-1.03335,1.42289
-1.03753,1.41745
-1.04199,1.4123
-1.04671,1.40744
-1.05168,1.40287
-1.05689,1.3986
-1.06232,1.39463
-1.06796,1.39097
-1.0738,1.38762
-1.07983,1.38458
-1.08604,1.38185
-1.09242,1.37944
-1.09895,1.37736
-1.10563,1.37559
-1.11244,1.37415
-1.11938,1.37304
-1.12643,1.37226
-1.13359,1.37181
-1.14085,1.3717
-1.14819,1.37193
-1.15561,1.37251
-1.16309,1.37342
-1.17063,1.37469
-1.17821,1.3763
-1.18583,1.37827
-1.19348,1.3806
-1.20114,1.38329
-1.2088,1.38634
-1.21646,1.38976
-1.2241,1.39355
-1.23171,1.39772
-1.23927,1.40226
-1.24678,1.40718
-1.25422,1.41249
-1.26158,1.41818
-1.26884,1.42427
-1.27598,1.43075
-1.283,1.43764
-1.28988,1.44492
-1.29659,1.45262
-1.30312,1.46072
-1.30944,1.46923
-1.31554,1.47816
-1.3214,1.48751
-1.32699,1.49727
-1.33227,1.50745
-1.33724,1.51805
-1.34185,1.52908
-1.34607,1.54051
-1.34987,1.55236
-1.35321,1.56462
-1.35606,1.57727
-1.35836,1.59031
-1.36008,1.60372
-1.36116,1.61748
-1.36155,1.63157
-1.3612,1.64595
-1.36005,1.6606
-1.35804,1.67546
-1.35511,1.69047
-1.3512,1.70557
-1.34625,1.72068
-1.3402,1.7357
-1.33302,1.75051
-1.32465,1.765
-1.31508,1.77901
-1.30432,1.79239
-1.29239,1.80498
-1.27936,1.8166
-1.2653,1.82709
-1.25036,1.83629
-1.2347,1.84408
-1.2185,1.85035
-1.20196,1.85506
-1.1853,1.85819
-1.16871,1.85976
-1.1524,1.85983
-1.13652,1.8585
-1.12122,1.85588
-1.1066,1.8521
-1.09275,1.84729
-1.07973,1.84158
-1.06757,1.8351
-1.05629,1.82797
-1.0459,1.82031
-1.03639,1.8122
-1.02774,1.80374
-1.01993,1.79501
-1.01293,1.78608
-1.00672,1.77702
-1.00126,1.76787
-0.99653,1.75869
-0.992489,1.74952
-0.989109,1.74039
-0.98636,1.73134
-0.984211,1.72239
-0.982636,1.71357
-0.981607,1.7049
-0.981097,1.6964
-0.981082,1.68809
-0.981538,1.67998
-0.982442,1.67208
-0.983773,1.6644
-0.985511,1.65697
-0.987635,1.64977
-0.990128,1.64283
-0.992971,1.63615
-0.996148,1.62974
-0.999642,1.6236
-1.00344,1.61773
-1.00752,1.61215
-1.01188,1.60686
-1.01649,1.60185
-1.02136,1.59715
-1.02645,1.59274
-1.03177,1.58863
-1.03729,1.58483
-1.04301,1.58134
-1.04892,1.57816
-1.05501,1.57529
-1.06126,1.57275
-1.06766,1.57052
-1.07421,1.56862
-1.08089,1.56704
-1.0877,1.56579
-1.09462,1.56487
-1.10164,1.56428
-1.10876,1.56404
-1.11596,1.56413
-1.12324,1.56457
-1.13058,1.56535
-1.13797,1.56648
-1.14541,1.56796
-1.15288,1.5698
-1.16038,1.57199
-1.16789,1.57455
-1.17541,1.57747
-1.18291,1.58076
-1.19039,1.58442
-1.19784,1.58846
-1.20525,1.59288
-1.21259,1.59768
-1.21987,1.60287
-1.22706,1.60844
-1.23415,1.61441
-1.24112,1.62078
-1.24797,1.62755
-1.25466,1.63473
-1.26119,1.64231
-1.26753,1.6503
-1.27366,1.65871
-1.27957,1.66754
-1.28522,1.67678
-1.29059,1.68645
-1.29566,1.69654
-1.3004,1.70704
-1.30477,1.71797
-1.30875,1.72932
-1.3123,1.74108
-1.31537,1.75324
-1.31794,1.7658
-1.31995,1.77875
-1.32136,1.79206
-1.32211,1.80572
-1.32216,1.81971
-1.32145,1.83398
-1.31992,1.8485
-1.3175,1.86322
-1.31415,1.87808
-1.30979,1.893
-1.30437,1.9079
-1.29783,1.92268
-1.29014,1.93722
-1.28125,1.95138
-1.27116,1.96502
-1.25987,1.97797
-1.24743,1.99007
-1.2339,2.00115
-1.2194,2.01104
-1.20405,2.01959
-1.18805,2.02669
-1.17156,2.03225
-1.15482,2.03624
-1.13802,2.03864
-1.12137,2.0395
-1.10504,2.0389
-1.0892,2.03693
-1.07398,2.03371
-1.05947,2.02938
-1.04575,2.02407
-1.03287,2.0179
-1.02087,2.01101
-1.00974,2.0035
-0.999498,1.99549
-0.990126,1.98707
-0.981608,1.97833
-0.97392,1.96934
-0.967034,1.96017
-0.960922,1.95089
-0.955552,1.94154
-0.950894,1.93216
-0.946916,1.92281
-0.943588,1.91351
-0.940879,1.90429
-0.938762,1.89519
-0.937207,1.88622
-0.936189,1.87741
-0.935682,1.86877
-0.935662,1.86032
-0.936105,1.85208
-0.936989,1.84405
-0.938293,1.83624
-0.939998,1.82868
-0.942083,1.82136
-0.944532,1.81429
-0.947325,1.80749
-0.950448,1.80095
-0.953884,1.79468
-0.957617,1.7887
-0.961634,1.78299
-0.96592,1.77757
-0.970462,1.77245
-0.975247,1.76762
-0.980262,1.76309
-0.985496,1.75886
-0.990936,1.75493
-0.996571,1.75132
-1.00239,1.74802
-1.00838,1.74503
-1.01454,1.74236
-1.02085,1.74001
-1.0273,1.73798
-1.03388,1.73628
-1.04058,1.73491
-1.0474,1.73387
-1.05432,1.73317
-1.06133,1.7328
-1.06842,1.73277
-1.07559,1.73309
-1.08282,1.73375
-1.0901,1.73477
-1.09743,1.73613
-1.10479,1.73785
-1.11217,1.73993
-1.11956,1.74238
-1.12695,1.74519
-1.13433,1.74837
-1.14169,1.75192
-1.14901,1.75585
-1.15629,1.76016
-1.1635,1.76486
-1.17065,1.76994
-1.1777,1.77542
-1.18465,1.78129
-1.19148,1.78756
-1.19818,1.79424
-1.20472,1.80132
-1.21109,1.80881
-1.21727,1.81672
-1.22324,1.82505
-1.22897,1.83379
-1.23445,1.84295
-1.23963,1.85254
-1.24451,1.86255
-1.24905,1.87299
-1.25321,1.88384
-1.25697,1.89512
-1.26028,1.9068
-1.26311,1.9189
-1.26542,1.93139
-1.26716,1.94426
-1.26827,1.9575
-1.26872,1.97108
-1.26845,1.98497
-1.26739,1.99915
-1.26549,2.01356
-1.26268,2.02815
-1.25891,2.04286
-1.25412,2.05761
-1.24824,2.07231
-1.24122,2.08685
-1.23303,2.10111
-1.22364,2.11495
-1.21304,2.12821
-1.20125,2.14072
-1.18832,2.15232
-1.17434,2.16284
-1.15942,2.17212
-1.14372,2.18001
-1.12741,2.18642
-1.1107,2.19127
-1.0938,2.19454
-1.07692,2.19623
-1.06025,2.19641
-1.04396,2.19515
-1.02821,2.19257
-1.0131,2.18879
-0.998743,2.18393
-0.985191,2.17815
-0.972488,2.17155
-0.960659,2.16427
-0.949712,2.15641
-0.939641,2.14808
-0.930434,2.13938
-0.922071,2.13038
-0.914526,2.12115
-0.907772,2.11177
-0.901779,2.10228
-0.896517,2.09275
-0.891954,2.0832
-0.88806,2.07369
-0.884804,2.06424
-0.882157,2.05488
-0.88009,2.04563
-0.878578,2.03653
-0.877592,2.02759
-0.877109,2.01883
-0.877105,2.01026
-0.877556,2.00189
-0.878442,1.99374
-0.879741,1.98583
-0.881434,1.97815
-0.883503,1.97071
-0.885929,1.96354
-0.888695,1.95662
-0.891786,1.94997
-0.895186,1.94359
-0.898879,1.93749
-0.902852,1.93168
-0.90709,1.92615
-0.911581,1.92092
-0.916312,1.91598
-0.921271,1.91133
-0.926445,1.90699
-0.931824,1.90296
-0.937395,1.89924
-0.943148,1.89582
-0.949072,1.89273
-0.955157,1.88995
-0.961392,1.88749
-0.967768,1.88535
-0.974274,1.88354
-0.9809,1.88206
-0.987637,1.88091
-0.994474,1.8801
-1.0014,1.87963
-1.00841,1.87949
-1.01549,1.87971
-1.02264,1.88026
-1.02983,1.88117
-1.03706,1.88244
-1.04433,1.88406
-1.05162,1.88604
-1.05891,1.88838
-1.06621,1.89109
-1.07349,1.89418
-1.08074,1.89763
-1.08796,1.90147
-1.09513,1.90569
-1.10224,1.9103
-1.10927,1.91529
-1.11621,1.92068
-1.12304,1.92647
-1.12975,1.93266
-1.13632,1.93926
-1.14273,1.94627
-1.14897,1.95368
-1.15501,1.96152
-1.16083,1.96977
-1.16641,1.97845
-1.17172,1.98755
-1.17675,1.99708
-1.18145,2.00703
-1.1858,2.0174
-1.18977,2.0282
-1.19332,2.03942
-1.19642,2.05105
-1.19902,2.06309
-1.20108,2.07552
-1.20256,2.08834
-1.2034,2.10151
-1.20355,2.11502
-1.20296,2.12884
-1.20156,2.14293
-1.1993,2.15724
-1.19611,2.17171
-1.19193,2.18628
-1.18671,2.20086
-1.18038,2.21536
-1.17289,2.22966
-1.16422,2.24363
-1.15433,2.25713
-1.14324,2.27
-1.13096,2.28206
-1.11757,2.29315
-1.10316,2.3031
-1.08786,2.31175
-1.07184,2.31898
-1.05528,2.32469
-1.03839,2.32883
-1.02138,2.33139
-1.00446,2.33239
-0.987815,2.33189
-0.971605,2.33001
-0.955971,2.32684
-0.941021,2.32252
-0.926837,2.31717
-0.913475,2.31094
-0.900971,2.30394
-0.889342,2.29629
-0.878591,2.28811
-0.86871,2.27949
-0.859684,2.27052
-0.85149,2.26128
-0.844104,2.25184
-0.837497,2.24225
-0.831638,2.23259
-0.826497,2.22288
-0.822044,2.21318
-0.818247,2.20352
-0.815078,2.19393
-0.812507,2.18444
-0.810507,2.17507
-0.809051,2.16585
-0.808114,2.15679
-0.80767,2.14791
-0.807697,2.13923
-0.808172,2.13075
-0.809075,2.1225
-0.810385,2.11448
-0.812084,2.10669
-0.814151,2.09916
-0.816572,2.09188
-0.819328,2.08486
-0.822403,2.07811
-0.825784,2.07163
-0.829454,2.06543
-0.8334,2.05952
-0.837608,2.05389
-0.842066,2.04855
-0.84676,2.04351
-0.851679,2.03877
-0.856812,2.03433
-0.862146,2.0302
-0.86767,2.02637
-0.873374,2.02286
-0.879248,2.01966
-0.88528,2.01678
-0.89146,2.01422
-0.897779,2.01199
-0.904226,2.01008
-0.910792,2.0085
-0.917467,2.00725
-0.924242,2.00634
-0.931105,2.00577
-0.938048,2.00554
-0.945061,2.00566
-0.952133,2.00612
-0.959256,2.00694
-0.966418,2.00811
-0.973609,2.00963
-0.980818,2.01152
-0.988035,2.01378
-0.995249,2.0164
-1.00245,2.0194
-1.00962,2.02278
-1.01675,2.02653
-1.02383,2.03067
-1.03085,2.0352
-1.03778,2.04012
-1.04462,2.04543
-1.05135,2.05115
-1.05795,2.05727
-1.06441,2.0638
-1.07071,2.07074
-1.07683,2.0781
-1.08274,2.08587
-1.08843,2.09407
-1.09388,2.10269
-1.09905,2.11174
-1.10392,2.12122
-1.10846,2.13112
-1.11264,2.14145
-1.11643,2.1522
-1.11979,2.16338
-1.12268,2.17496
-1.12506,2.18696
-1.12688,2.19934
-1.12811,2.21211
-1.12868,2.22523
-1.12854,2.23868
-1.12763,2.25243
-1.1259,2.26644
-1.12329,2.28065
-1.11972,2.29501
-1.11514,2.30944
-1.10949,2.32385
-1.10271,2.33814
-1.09476,2.3522
-1.0856,2.36587
-1.07523,2.37902
-1.06366,2.39148
-1.05092,2.40308
-1.03709,2.41364
-1.02228,2.423
-1.00663,2.43101
-0.990325,2.43757
-0.973553,2.44258
-0.956525,2.44601
-0.939451,2.44787
-0.922531,2.44818
-0.905944,2.44704
-0.889845,2.44455
-0.874361,2.44081
-0.85959,2.43598
-0.845606,2.43016
-0.832454,2.42351
-0.820165,2.41613
-0.80875,2.40814
-0.798209,2.39966
-0.78853,2.39076
-0.779696,2.38154
-0.771684,2.37208
-0.764467,2.36244
-0.758016,2.35267
-0.752301,2.34283
-0.747292,2.33297
-0.742959,2.32313
-0.73927,2.31333
-0.736199,2.30361
-0.733715,2.294
-0.731792,2.28451
-0.730403,2.27518
-0.729525,2.26601
-0.729132,2.25703
-0.729202,2.24825
-0.729714,2.23967
-0.730646,2.23132
-0.731979,2.2232
-0.733695,2.21532
-0.735775,2.20769
-0.738202,2.20032
-0.74096,2.1932
-0.744034,2.18636
-0.747408,2.17979
-0.751068,2.17349
-0.755,2.16748
-0.759191,2.16176
-0.763629,2.15633
-0.768301,2.1512
-0.773195,2.14636
-0.778299,2.14183
-0.783602,2.1376
-0.789094,2.13368
-0.794763,2.13008
-0.800599,2.12679
-0.806592,2.12381
-0.812732,2.12116
-0.819008,2.11884
-0.825411,2.11684
-0.831931,2.11517
-0.838559,2.11383
-0.845284,2.11283
-0.852096,2.11217
-0.858987,2.11185
-0.865946,2.11188
-0.872963,2.11225
-0.880028,2.11298
-0.887131,2.11407
-0.894261,2.11551
-0.901408,2.11732
-0.908561,2.11949
-0.915708,2.12204
-0.922838,2.12496
-0.929938,2.12826
-0.936997,2.13194
-0.944,2.136
-0.950936,2.14046
-0.957788,2.14531
-0.964542,2.15056
-0.971183,2.15622
-0.977694,2.16228
-0.984056,2.16875
-0.990252,2.17563
-0.996261,2.18294
-1.00206,2.19066
-1.00763,2.19881
-1.01295,2.20739
-1.01799,2.21639
-1.02271,2.22583
-1.0271,2.23569
-1.03112,2.24599
-1.03474,2.2567
-1.03791,2.26784
-1.0406,2.2794
-1.04277,2.29135
-1.04437,2.3037
-1.04534,2.31642
-1.04565,2.3295
-1.04522,2.3429
-1.04401,2.35658
-1.04195,2.37051
-1.03898,2.38463
-1.03503,2.39887
-1.03005,2.41316
-1.02397,2.4274
-1.01674,2.44148
-1.00833,2.45527
-0.9987,2.46864
-0.987854,2.48143
-0.97581,2.49346
-0.962621,2.50457
-0.948375,2.51458
-0.933194,2.52334
-0.917234,2.5307
-0.90068,2.53658
-0.883733,2.54089
-0.866606,2.54362
-0.849504,2.54478
-0.832621,2.54443
-0.816127,2.54266
-0.800168,2.53958
-0.784859,2.5353
-0.770289,2.52997
-0.75652,2.52372
-0.743594,2.51666
-0.731533,2.50892
-0.720344,2.50061
-0.710021,2.49184
-0.700553,2.48269
-0.691919,2.47324
-0.684095,2.46357
-0.677054,2.45373
-0.670767,2.44379
-0.665204,2.4338
-0.660334,2.42379
-0.656128,2.41381
-0.652556,2.40388
-0.649589,2.39404
-0.6472,2.38432
-0.645362,2.37472
-0.64405,2.36529
-0.643239,2.35602
-0.642906,2.34694
-0.643029,2.33806
-0.643586,2.32939
-0.644557,2.32095
-0.645923,2.31273
-0.647666,2.30476
-0.649767,2.29704
-0.652212,2.28958
-0.654982,2.28238
-0.658064,2.27544
-0.661442,2.26878
-0.665103,2.2624
-0.669033,2.2563
-0.673218,2.25049
-0.677647,2.24498
-0.682307,2.23975
-0.687186,2.23483
-0.692273,2.23021
-0.697557,2.22589
-0.703027,2.22188
-0.708673,2.21819
-0.714483,2.21481
-0.720449,2.21175
-0.726559,2.20901
-0.732804,2.2066
-0.739175,2.20451
-0.74566,2.20275
-0.752252,2.20133
-0.758939,2.20025
-0.765712,2.1995
-0.772562,2.1991
-0.779478,2.19905
-0.786451,2.19934
-0.79347,2.19999
-0.800526,2.201
-0.807607,2.20236
-0.814703,2.20409
-0.821802,2.20619
-0.828894,2.20867
-0.835966,2.21151
-0.843007,2.21474
-0.850003,2.21835
-0.856942,2.22236
-0.863809,2.22675
-0.87059,2.23154
-0.877269,2.23673
-0.883831,2.24233
-0.890259,2.24833
-0.896534,2.25475
-0.902637,2.26159
-0.908548,2.26885
-0.914246,2.27653
-0.919706,2.28464
-0.924905,2.29318
-0.929815,2.30215
-0.934408,2.31155
-0.938654,2.32138
-0.942518,2.33164
-0.945966,2.34233
-0.94896,2.35344
-0.951458,2.36497
-0.953415,2.37689
-0.954785,2.38921
-0.955517,2.4019
-0.955556,2.41493
-0.954846,2.42828
-0.953326,2.4419
-0.950934,2.45575
-0.947606,2.46977
-0.943279,2.4839
-0.937891,2.49804
-0.931386,2.51209
-0.923714,2.52595
-0.91484,2.53947
-0.904743,2.55252
-0.893429,2.56492
-0.88093,2.5765
-0.86731,2.5871
-0.85267,2.59655
-0.837145,2.60469
-0.820904,2.61139
-0.804139,2.61658
-0.787056,2.62019
-0.769866,2.62222
-0.752771,2.6227
-0.735957,2.6217
-0.719586,2.61932
-0.703791,2.61567
-0.688678,2.61088
-0.674325,2.60508
-0.660787,2.59839
-0.648098,2.59096
-0.636274,2.58288
-0.625317,2.57427
-0.615221,2.56522
-0.60597,2.55583
-0.597541,2.54616
-0.589911,2.53629
-0.583051,2.52628
-0.576933,2.51617
-0.571526,2.50603
-0.566801,2.49588
-0.562727,2.48577
-0.559277,2.47572
-0.556421,2.46577
-0.554133,2.45593
-0.552387,2.44624
-0.551158,2.4367
-0.550422,2.42734
-0.550155,2.41816
-0.550337,2.40919
-0.550947,2.40043
-0.551965,2.3919
-0.553372,2.3836
-0.55515,2.37554
-0.557282,2.36773
-0.559751,2.36018
-0.562543,2.35289
-0.565642,2.34587
-0.569033,2.33913
-0.572703,2.33266
-0.576639,2.32648
-0.580827,2.32058
-0.585256,2.31498
-0.589913,2.30967
-0.594787,2.30466
-0.599867,2.29996
-0.605141,2.29556
-0.610599,2.29146
-0.616231,2.28768
-0.622025,2.28422
-0.627973,2.28108
-0.634063,2.27825
-0.640287,2.27575
-0.646634,2.27358
-0.653095,2.27175
-0.65966,2.27024
-0.66632,2.26907
-0.673063,2.26825
-0.679882,2.26777
-0.686766,2.26763
-0.693704,2.26785
-0.700687,2.26842
-0.707705,2.26935
-0.714746,2.27065
-0.721801,2.27231
-0.728856,2.27434
-0.735903,2.27674
-0.742927,2.27952
-0.749917,2.28268
-0.75686,2.28623
-0.763743,2.29017
-0.770551,2.29451
-0.777269,2.29924
-0.783882,2.30438
-0.790374,2.30992
-0.796727,2.31588
-0.802923,2.32225
-0.808942,2.32905
-0.814763,2.33626
-0.820364,2.34391
-0.825721,2.35198
-0.830808,2.36048
-0.835599,2.36942
-0.840063,2.3788
-0.84417,2.3886
-0.847884,2.39884
-0.85117,2.40951
-0.853987,2.42059
-0.856294,2.43209
-0.858045,2.444
-0.859191,2.45628
-0.859679,2.46894
-0.859455,2.48193
-0.858459,2.49522
-0.85663,2.50879
-0.853904,2.52256
-0.850219,2.53648
-0.845509,2.55048
-0.839715,2.56446
-0.832781,2.57833
-0.824663,2.59194
-0.81533,2.60518
-0.80477,2.61788
-0.792998,2.62988
-0.780057,2.641
-0.766024,2.65107
-0.751015,2.65993
-0.735177,2.66743
-0.718688,2.67346
-0.701747,2.67795
-0.684563,2.68086
-0.667345,2.6822
-0.650291,2.68201
-0.633576,2.68038
-0.617352,2.67741
-0.601742,2.67321
-0.586842,2.66792
-0.572721,2.66167
-0.559425,2.65458
-0.546981,2.64678
-0.535401,2.63838
-0.524684,2.62948
-0.514818,2.62017
-0.505788,2.61054
-0.497569,2.60067
-0.490136,2.59061
-0.483461,2.58043
-0.477515,2.57017
-0.472268,2.55988
-0.467691,2.5496
-0.463754,2.53936
-0.46043,2.5292
-0.45769,2.51913
-0.455508,2.50919
-0.453859,2.4994
-0.452718,2.48976
-0.452062,2.4803
-0.451868,2.47103
-0.452116,2.46197
-0.452785,2.45312
-0.453855,2.4445
-0.455309,2.43612
-0.457129,2.42798
-0.459299,2.42008
-0.461801,2.41245
-0.464621,2.40508
-0.467744,2.39797
-0.471155,2.39114
-0.474843,2.38459
-0.478792,2.37833
-0.482992,2.37235
-0.487428,2.36666
-0.492091,2.36127
-0.496968,2.35617
-0.502048,2.35138
-0.50732,2.3469
-0.512775,2.34273
-0.5184,2.33886
-0.524187,2.33532
-0.530125,2.33209
-0.536205,2.32918
-0.542415,2.3266
-0.548748,2.32435
-0.555193,2.32243
-0.56174,2.32085
-0.56838,2.3196
-0.575103,2.3187
-0.581899,2.31814
-0.588758,2.31793
-0.595671,2.31807
-0.602626,2.31857
-0.609615,2.31943
-0.616625,2.32065
-0.623646,2.32224
-0.630666,2.3242
-0.637675,2.32653
-0.644659,2.32925
-0.651607,2.33235
-0.658505,2.33584
-0.66534,2.33972
-0.672096,2.344
-0.67876,2.34868
-0.685315,2.35377
-0.691744,2.35926
-0.698029,2.36518
-0.704153,2.37151
-0.710094,2.37826
-0.715831,2.38544
-0.721341,2.39305
-0.726601,2.40109
-0.731583,2.40956
-0.736259,2.41848
-0.740599,2.42782
-0.744571,2.43761
-0.748139,2.44782
-0.751265,2.45847
-0.75391,2.46953
-0.756028,2.48101
-0.757573,2.49289
-0.758495,2.50515
-0.75874,2.51777
-0.75825,2.53072
-0.756967,2.54397
-0.754826,2.55746
-0.751765,2.57116
-0.747718,2.58497
-0.742623,2.59884
-0.736419,2.61265
-0.729056,2.62631
-0.720492,2.63967
-0.710703,2.6526
-0.699686,2.66493
-0.687465,2.6765
-0.674097,2.68713
-0.659673,2.69665
-0.64432,2.70491
-0.628198,2.71176
-0.611494,2.71711
-0.594413,2.7209
-0.577163,2.72312
-0.559952,2.72377
-0.542967,2.72293
-0.526378,2.72067
-0.510324,2.71712
-0.494918,2.7124
-0.480246,2.70663
-0.466368,2.69994
-0.453323,2.69247
-0.441132,2.68432
-0.429801,2.67561
-0.419327,2.66643
-0.409696,2.65688
-0.400888,2.64703
-0.392881,2.63695
-0.385648,2.62671
-0.379161,2.61636
-0.37339,2.60595
-0.368306,2.59552
-0.36388,2.58511
-0.360084,2.57476
-0.356889,2.56448
-0.354268,2.55431
-0.352196,2.54426
-0.350648,2.53436
-0.3496,2.52463
-0.349029,2.51508
-0.348913,2.50572
-0.349231,2.49657
-0.349965,2.48763
-0.351094,2.47893
-0.352601,2.47046
-0.354469,2.46223
-0.356682,2.45425
-0.359223,2.44653
-0.362077,2.43907
-0.365231,2.43189
-0.36867,2.42497
-0.372381,2.41834
-0.376352,2.41199
-0.380569,2.40593
-0.385021,2.40016
-0.389696,2.39468
-0.394583,2.3895
-0.399671,2.38463
-0.404949,2.38006
-0.410407,2.3758
-0.416034,2.37186
-0.421821,2.36823
-0.427757,2.36492
-0.433832,2.36193
-0.440038,2.35927
-0.446364,2.35694
-0.4528,2.35494
-0.459337,2.35327
-0.465965,2.35195
-0.472675,2.35096
-0.479456,2.35033
-0.486299,2.35004
-0.493193,2.35011
-0.500129,2.35053
-0.507095,2.35132
-0.514082,2.35247
-0.521077,2.35399
-0.52807,2.35589
-0.535048,2.35816
-0.542,2.36081
-0.548913,2.36385
-0.555773,2.36728
-0.562566,2.3711
-0.569278,2.37533
-0.575894,2.37996
-0.582397,2.38499
-0.58877,2.39044
-0.594994,2.39631
-0.601051,2.4026
-0.60692,2.40932
-0.612579,2.41646
-0.618005,2.42404
-0.623171,2.43205
-0.628052,2.4405
-0.632618,2.44938
-0.636838,2.45871
-0.640678,2.46847
-0.644103,2.47867
-0.647072,2.48929
-0.649545,2.50034
-0.651475,2.5118
-0.652815,2.52365
-0.653513,2.53588
-0.653513,2.54847
-0.652756,2.56138
-0.651183,2.57457
-0.648728,2.58799
-0.645327,2.6016
-0.640915,2.6153
-0.63543,2.62902
-0.628814,2.64265
-0.62102,2.65608
-0.61201,2.66917
-0.601769,2.68177
-0.590302,2.69372
-0.577645,2.70484
-0.563867,2.71495
-0.549073,2.7239
-0.533404,2.73153
-0.51703,2.73772
-0.500146,2.74238
-0.482958,2.74547
-0.465678,2.74698
-0.448503,2.74696
-0.431617,2.74548
-0.415178,2.74262
-0.399314,2.73851
-0.384128,2.73328
-0.369697,2.72704
-0.356071,2.71994
-0.343284,2.71209
-0.331351,2.70361
-0.320274,2.6946
-0.310046,2.68516
-0.300651,2.67537
-0.292069,2.6653
-0.284276,2.65503
-0.277244,2.64461
-0.270945,2.6341
-0.265351,2.62355
-0.260433,2.61298
-0.256161,2.60244
-0.252507,2.59196
-0.249445,2.58157
-0.246947,2.57129
-0.244989,2.56114
-0.243545,2.55115
-0.242594,2.54132
-0.242112,2.53167
-0.242078,2.52222
-0.242472,2.51298
-0.243275,2.50395
-0.244468,2.49516
-0.246034,2.4866
-0.247955,2.47828
-0.250217,2.47022
-0.252802,2.46242
-0.255698,2.45487
-0.258888,2.4476
-0.262361,2.4406
-0.266102,2.43388
-0.2701,2.42745
-0.274341,2.4213
-0.278815,2.41544
-0.283509,2.40988
-0.288413,2.40462
-0.293516,2.39966
-0.298806,2.39501
-0.304275,2.39067
-0.309911,2.38664
-0.315704,2.38292
-0.321646,2.37953
-0.327725,2.37646
-0.333932,2.37371
-0.340258,2.3713
-0.346693,2.36922
-0.353227,2.36747
-0.359851,2.36607
-0.366554,2.36501
-0.373328,2.36429
-0.380161,2.36393
-0.387045,2.36392
-0.393968,2.36427
-0.400919,2.36498
-0.407889,2.36606
-0.414866,2.36752
-0.421838,2.36934
-0.428793,2.37155
-0.43572,2.37414
-0.442604,2.37711
-0.449432,2.38049
-0.456191,2.38425
-0.462865,2.38842
-0.469439,2.393
-0.475896,2.39799
-0.482219,2.40339
-0.488388,2.40922
-0.494384,2.41546
-0.500187,2.42214
-0.505772,2.42925
-0.511117,2.43679
-0.516196,2.44478
-0.520979,2.4532
-0.525439,2.46206
-0.529541,2.47136
-0.533253,2.4811
-0.536536,2.49128
-0.53935,2.50189
-0.541651,2.51291
-0.543394,2.52435
-0.544529,2.53618
-0.545001,2.54838
-0.544754,2.56093
-0.543728,2.57379
-0.541861,2.58692
-0.539088,2.60027
-0.535343,2.61377
-0.530563,2.62735
-0.524685,2.64091
-0.517655,2.65435
-0.509428,2.66753
-0.499974,2.68033
-0.489285,2.69258
-0.477377,2.70411
-0.464298,2.71475
-0.450129,2.72432
-0.434991,2.73267
-0.419034,2.73966
-0.40244,2.74517
-0.38541,2.74913
-0.368151,2.75152
-0.350871,2.75235
-0.333765,2.75166
-0.317004,2.74954
-0.300736,2.7461
-0.28508,2.74145
-0.270129,2.73572
-0.255949,2.72904
-0.242584,2.72154
-0.230061,2.71333
-0.21839,2.70452
-0.207569,2.69523
-0.197589,2.68552
-0.188432,2.6755
-0.180077,2.66522
-0.172499,2.65476
-0.16567,2.64417
-0.159562,2.6335
-0.154146,2.6228
-0.149395,2.61209
-0.145279,2.60143
-0.14177,2.59083
-0.138843,2.58032
-0.136471,2.56993
-0.13463,2.55968
-0.133295,2.54958
-0.132444,2.53965
-0.132055,2.52991
-0.132108,2.52037
-0.132582,2.51103
-0.13346,2.50192
-0.134721,2.49303
-0.136351,2.48438
-0.138331,2.47597
-0.140647,2.46782
-0.143283,2.45993
-0.146224,2.4523
-0.149458,2.44493
-0.15297,2.43785
-0.156748,2.43104
-0.160779,2.42452
-0.165051,2.41828
-0.169553,2.41233
-0.174273,2.40668
-0.1792,2.40133
-0.184324,2.39629
-0.189634,2.39155
-0.19512,2.38712
-0.200771,2.383
-0.206578,2.3792
-0.212532,2.37572
-0.218621,2.37256
-0.224838,2.36973
-0.231171,2.36723
-0.237611,2.36507
-0.244149,2.36324
-0.250776,2.36175
-0.25748,2.36061
-0.264253,2.35981
-0.271084,2.35937
-0.277963,2.35929
-0.284881,2.35956
-0.291825,2.3602
-0.298785,2.36121
-0.30575,2.36259
-0.312708,2.36434
-0.319646,2.36648
-0.326554,2.369
-0.333416,2.37192
-0.34022,2.37523
-0.34695,2.37894
-0.353593,2.38305
-0.360131,2.38758
-0.366548,2.39251
-0.372826,2.39787
-0.378945,2.40365
-0.384886,2.40986
-0.390627,2.41649
-0.396144,2.42357
-0.401413,2.43108
-0.406407,2.43903
-0.411097,2.44742
-0.415453,2.45626
-0.419441,2.46554
-0.423026,2.47526
-0.426169,2.48541
-0.428829,2.496
-0.43096,2.507
-0.432516,2.51841
-0.433443,2.53021
-0.433688,2.54238
-0.433192,2.55489
-0.431895,2.56769
-0.429731,2.58076
-0.426635,2.59402
-0.422543,2.60741
-0.41739,2.62084
-0.411116,2.63423
-0.403669,2.64745
-0.39501,2.66037
-0.385115,2.67285
-0.373985,2.68472
-0.361647,2.69581
-0.348162,2.70594
-0.333625,2.71495
-0.318168,2.72269
-0.301955,2.72901
-0.285174,2.73383
-0.268032,2.73709
-0.250736,2.73877
-0.233489,2.73891
-0.216478,2.73757
-0.199867,2.73483
-0.183791,2.73082
-0.16836,2.72564
-0.153655,2.71943
-0.139736,2.71232
-0.126639,2.70443
-0.114384,2.69587
-0.102979,2.68675
-0.0924169,2.67717
-0.0826868,2.66722
-0.0737696,2.65697
-0.0656426,2.64649
-0.0582802,2.63584
-0.0516551,2.62507
-0.0457392,2.61424
-0.0405039,2.60339
-0.0359212,2.59255
-0.031963,2.58175
-0.0286025,2.57103
-0.0258133,2.56041
-0.0235702,2.54991
-0.0218489,2.53954
-0.0206263,2.52934
-0.0198799,2.51931
-0.0195888,2.50946
-0.0197324,2.49982
-0.0202916,2.49039
-0.0212479,2.48118
-0.0225835,2.47219
-0.0242817,2.46345
-0.0263264,2.45495
-0.028702,2.4467
-0.0313939,2.43871
-0.0343879,2.43099
-0.0376703,2.42354
-0.0412279,2.41636
-0.0450482,2.40945
-0.0491189,2.40284
-0.0534282,2.39651
-0.0579646,2.39047
-0.062717,2.38473
-0.0676744,2.37928
-0.0728264,2.37414
-0.0781625,2.36931
-0.0836726,2.36479
-0.0893466,2.36058
-0.0951746,2.35669
-0.101147,2.35311
-0.107254,2.34987
-0.113486,2.34695
-0.119834,2.34436
-0.126287,2.3421
-0.132836,2.34019
-0.139472,2.33861
-0.146185,2.33739
-0.152964,2.33651
-0.1598,2.33598
-0.166682,2.33582
-0.173601,2.33601
-0.180544,2.33657
-0.187501,2.3375
-0.194462,2.33881
-0.201412,2.34049
-0.208341,2.34256
-0.215236,2.34501
-0.222083,2.34786
-0.228869,2.35111
-0.235578,2.35475
-0.242194,2.35881
-0.248703,2.36328
-0.255086,2.36816
-0.261325,2.37347
-0.2674,2.3792
-0.27329,2.38536
-0.278974,2.39196
-0.284428,2.39899
-0.289625,2.40646
-0.294539,2.41438
-0.299139,2.42274
-0.303395,2.43155
-0.307272,2.4408
-0.310733,2.4505
-0.313737,2.46063
-0.316244,2.47118
-0.318205,2.48216
-0.319573,2.49354
-0.320293,2.50531
-0.320309,2.51744
-0.319562,2.52989
-0.317989,2.54264
-0.315524,2.55562
-0.312103,2.56878
-0.30766,2.58205
-0.30213,2.59533
-0.295458,2.60852
-0.287594,2.6215
-0.278504,2.63413
-0.268173,2.64626
-0.256611,2.65772
-0.243856,2.66834
-0.229984,2.67795
-0.215102,2.68637
-0.199356,2.69346
-0.182918,2.6991
-0.165986,2.70322
-0.148767,2.70577
-0.131467,2.70675
-0.114284,2.70621
-0.0973967,2.70422
-0.0809572,2.70088
-0.0650921,2.6963
-0.0499,2.69061
-0.0354537,2.68394
-0.0218036,2.67641
-0.00898032,2.66814
0.00300116,2.65924
0.0141385,2.64982
0.0244392,2.63996
0.0339178,2.62976
0.0425942,2.61928
0.050492,2.60859
0.0576371,2.59775
0.0640569,2.58682
0.0697792,2.57583
0.0748324,2.56482
0.0792441,2.55384
0.0830417,2.54291
0.0862517,2.53206
0.0888997,2.52131
0.0910106,2.51069
0.0926079,2.50022
0.0937145,2.4899
0.0943519,2.47976
0.0945411,2.46981
0.0943016,2.46006
0.0936526,2.45052
0.092612,2.44121
0.0911971,2.43213
0.0894245,2.42328
0.0873097,2.41468
0.0848681,2.40633
0.0821141,2.39824
0.0790616,2.39042
0.075724,2.38286
0.0721142,2.37558
0.0682446,2.36858
0.0641274,2.36186
0.0597741,2.35543
0.0551961,2.3493
0.0504043,2.34345
0.0454096,2.33791
0.0402224,2.33267
0.0348529,2.32774
0.0293113,2.32312
0.0236075,2.31881
0.0177513,2.31482
0.0117523,2.31115
0.00562037,2.30781
-0.00063507,2.30479
-0.00700438,2.30211
-0.013478,2.29976
-0.0200462,2.29775
-0.0266994,2.29608
-0.0334276,2.29476
-0.0402209,2.2938
-0.0470693,2.29318
-0.0539623,2.29293
-0.0608893,2.29304
-0.0678395,2.29351
-0.0748016,2.29436
-0.0817642,2.29558
-0.088715,2.29719
-0.0956418,2.29918
-0.102531,2.30156
-0.10937,2.30434
-0.116144,2.30751
-0.122838,2.3111
-0.129436,2.31509
-0.135921,2.31949
-0.142276,2.32432
-0.148482,2.32957
-0.154519,2.33525
-0.160365,2.34136
-0.165998,2.34791
-0.171392,2.3549
-0.176523,2.36233
-0.181361,2.37021
-0.185875,2.37854
-0.190034,2.38731
-0.193802,2.39653
-0.197141,2.40619
-0.20001,2.41629
-0.202364,2.42682
-0.204156,2.43776
-0.205335,2.44911
-0.205847,2.46083
-0.205633,2.47291
-0.204632,2.48531
-0.202781,2.49798
-0.200014,2.51087
-0.196264,2.52391
-0.191466,2.53703
-0.185558,2.55014
-0.178486,2.56311
-0.170205,2.57583
-0.160688,2.58814
-0.149928,2.5999
-0.137946,2.61092
-0.124792,2.62104
-0.110554,2.63008
-0.0953548,2.63788
-0.07935,2.64431
-0.0627229,2.64926
-0.0456745,2.65266
-0.0284132,2.6545
-0.0111429,2.65478
0.00594594,2.65357
0.0226847,2.65094
0.0389303,2.64701
0.0545672,2.64188
0.0695066,2.63569
0.0836843,2.62856
0.0970575,2.62062
0.109601,2.61197
0.121306,2.60274
0.132172,2.59302
0.142209,2.58289
0.151434,2.57244
0.159868,2.56173
0.167535,2.55084
0.174461,2.53981
0.180674,2.52869
0.1862,2.51754
0.191069,2.50638
0.195307,2.49525
0.198941,2.48418
0.201997,2.47319
0.2045,2.46232
0.206474,2.45157
0.207943,2.44097
0.208929,2.43054
0.209453,2.42028
0.209534,2.41021
0.209194,2.40035
0.208449,2.3907
0.207318,2.38128
0.205818,2.37208
0.203964,2.36312
0.201773,2.35441
0.199259,2.34596
0.196436,2.33776
0.193317,2.32982
0.189917,2.32216
0.186248,2.31477
0.182322,2.30766
0.178151,2.30083
0.173746,2.2943
0.169118,2.28805
0.164279,2.2821
0.159239,2.27645
0.154009,2.2711
0.148598,2.26606
0.143017,2.26133
0.137275,2.25692
0.131382,2.25282
0.125348,2.24904
0.119183,2.2456
0.112896,2.24247
0.106496,2.23969
0.0999938,2.23724
0.0933984,2.23512
0.0867195,2.23336
0.0799672,2.23194
0.0731514,2.23087
0.0662822,2.23016
0.0593703,2.22981
0.0524261,2.22983
0.0454608,2.23021
0.0384857,2.23097
0.0315125,2.2321
0.0245533,2.23362
0.0176209,2.23553
0.0107285,2.23783
0.00388994,2.24053
-0.00288021,2.24363
-0.00956664,2.24713
-0.0161532,2.25105
-0.0226227,2.25539
-0.0289571,2.26015
-0.035137,2.26534
-0.0411419,2.27096
-0.0469498,2.27702
-0.0525372,2.28351
-0.0578788,2.29045
-0.0629475,2.29784
-0.0677144,2.30567
-0.0721479,2.31395
-0.0762143,2.32269
-0.0798771,2.33187
-0.0830971,2.34149
-0.0858318,2.35155
-0.0880357,2.36204
-0.0896597,2.37294
-0.0906512,2.38423
-0.0909542,2.39591
-0.0905093,2.40792
-0.089254,2.42024
-0.0871232,2.43282
-0.0840505,2.4456
-0.0799694,2.45852
-0.0748152,2.47147
-0.0685283,2.48438
-0.0610571,2.49711
-0.0523629,2.50953
-0.0424251,2.5215
-0.0312462,2.53284
-0.0188578,2.5434
-0.00532463,2.55298
0.00925309,2.56143
0.0247398,2.56858
0.0409689,2.57433
0.0577495,2.57856
0.0748773,2.58125
0.0921447,2.58237
0.109353,2.58195
0.126318,2.58007
0.142883,2.57681
0.158914,2.57229
0.174306,2.56662
0.188979,2.55994
0.202879,2.55236
0.215967,2.54402
0.228226,2.53501
0.239649,2.52544
0.25024,2.51542
0.260011,2.50502
0.26898,2.49432
0.277169,2.48338
0.284603,2.47227
0.291307,2.46105
0.297309,2.44975
0.302637,2.43842
0.307317,2.4271
0.311378,2.41581
0.314844,2.40459
0.317741,2.39346
0.320095,2.38245
0.321927,2.37156
0.323263,2.36083
0.324122,2.35027
0.324525,2.33988
0.324493,2.32969
0.324045,2.3197
0.323198,2.30993
0.321969,2.30038
0.320376,2.29106
0.318434,2.28198
0.316158,2.27315
0.313563,2.26457
0.310663,2.25625
0.307471,2.2482
0.304,2.24041
0.300263,2.2329
0.296271,2.22567
0.292037,2.21872
0.287571,2.21207
0.282885,2.2057
0.27799,2.19963
0.272895,2.19386
0.267612,2.18839
0.26215,2.18323
0.25652,2.17838
0.25073,2.17385
0.244792,2.16964
0.238713,2.16574
0.232505,2.16218
0.226176,2.15894
0.219737,2.15604
0.213196,2.15347
0.206563,2.15125
0.199849,2.14937
0.193062,2.14784
0.186214,2.14667
0.179315,2.14585
0.172374,2.14539
0.165403,2.1453
0.158413,2.14558
0.151415,2.14624
0.144421,2.14728
0.137444,2.1487
0.130497,2.15051
0.123592,2.15272
0.116745,2.15533
0.109969,2.15834
0.103281,2.16177
0.0966971,2.16561
0.0902348,2.16987
0.0839126,2.17455
0.0777505,2.17967
0.0717694,2.18522
0.0659921,2.1912
0.0604426,2.19764
0.055147,2.20452
0.0501332,2.21184
0.0454311,2.21962
0.0410731,2.22785
0.037094,2.23653
0.0335316,2.24566
0.0304263,2.25524
0.0278219,2.26525
0.0257654,2.27568
0.0243073,2.28653
0.0235018,2.29776
0.0234064,2.30937
0.024082,2.32131
0.0255923,2.33354
0.0280033,2.34601
0.031382,2.35866
0.0357947,2.37141
0.0413047,2.38418
0.0479694,2.39686
0.0558362,2.40931
0.0649378,2.42141
0.0752869,2.433
0.0868706,2.4439
0.0996455,2.45394
0.113534,2.46296
0.128422,2.47078
0.144162,2.47726
0.160578,2.4823
0.177474,2.48581
0.194643,2.48776
0.21188,2.48816
0.228992,2.48704
0.245805,2.4845
0.262171,2.48062
0.277967,2.47552
0.293097,2.46932
0.307492,2.46215
0.321102,2.45413
0.333898,2.44538
0.345865,2.43601
0.357001,2.42611
0.367312,2.41578
0.376813,2.4051
0.385523,2.39415
0.393463,2.38297
0.400659,2.37165
0.407138,2.36022
0.412926,2.34872
0.41805,2.33721
0.422537,2.32571
0.426414,2.31426
0.429706,2.30287
0.432439,2.29159
0.434636,2.28042
0.43632,2.26939
0.437514,2.25851
0.438239,2.2478
0.438515,2.23727
0.438361,2.22694
0.437796,2.21681
0.436837,2.2069
0.435502,2.19721
0.433807,2.18775
0.431767,2.17854
0.429397,2.16957
0.426712,2.16086
0.423724,2.1524
0.420448,2.14421
0.416895,2.13629
0.413079,2.12864
0.409012,2.12127
0.404703,2.11419
0.400166,2.1074
0.395411,2.1009
0.390447,2.09469
0.385287,2.08878
0.37994,2.08318
0.374416,2.07789
0.368724,2.07291
0.362875,2.06824
0.356879,2.06389
0.350744,2.05987
0.344481,2.05617
0.338099,2.05281
0.331607,2.04977
0.325015,2.04708
0.318334,2.04473
0.311572,2.04272
0.304739,2.04107
0.297847,2.03977
0.290904,2.03883
0.283923,2.03825
0.276913,2.03805
0.269886,2.03821
0.262853,2.03875
0.255827,2.03968
0.248821,2.04099
0.241846,2.0427
0.234918,2.0448
0.22805,2.0473
0.221258,2.05022
0.214557,2.05354
0.207965,2.05729
0.201499,2.06146
0.195178,2.06605
0.189024,2.07108
0.183056,2.07655
0.1773,2.08246
0.171779,2.08882
0.16652,2.09562
0.161552,2.10288
0.156907,2.11059
0.152616,2.11875
0.148717,2.12737
0.145249,2.13643
0.142252,2.14594
0.139772,2.15588
0.137858,2.16625
0.136562,2.17702
0.135939,2.18818
0.136048,2.1997
0.136952,2.21154
0.138716,2.22366
0.141405,2.236
0.145088,2.2485
0.14983,2.26107
0.155693,2.27361
0.16273,2.28603
0.170986,2.29817
0.180485,2.30991
0.191231,2.32107
0.2032,2.33149
0.216337,2.34098
0.230551,2.34939
0.245715,2.35655
0.26167,2.36234
0.278233,2.36664
0.295202,2.36941
0.312371,2.37062
0.32954,2.37029
0.346522,2.36847
0.363153,2.36527
0.379295,2.36077
0.394834,2.35509
0.409685,2.34836
0.423787,2.34071
0.437096,2.33225
0.44959,2.3231
0.461257,2.31336
0.472099,2.30312
0.482125,2.29248
0.491349,2.28152
0.499793,2.27029
0.507478,2.25888
0.514431,2.24732
0.520677,2.23566
0.526244,2.22396
0.531157,2.21225
0.535443,2.20056
0.539129,2.18892
0.542239,2.17736
0.544798,2.1659
0.54683,2.15456
0.548356,2.14336
0.549399,2.13231
0.549979,2.12144
0.550116,2.11075
0.549829,2.10026
0.549136,2.08997
0.548055,2.0799
0.546602,2.07006
0.544792,2.06044
0.542642,2.05107
0.540165,2.04195
0.537376,2.03307
0.534288,2.02446
0.530914,2.01612
0.527267,2.00804
0.523358,2.00024
0.5192,1.99271
0.514804,1.98548
0.510181,1.97853
0.505342,1.97187
0.500296,1.96551
0.495056,1.95945
0.489629,1.95369
0.484028,1.94825
0.478261,1.94311
0.472337,1.93829
0.466268,1.93379
0.460062,1.92962
0.453728,1.92577
0.447277,1.92225
0.440718,1.91907
0.43406,1.91623
0.427314,1.91373
0.420488,1.91158
0.413595,1.90979
0.406642,1.90834
0.399641,1.90726
0.392603,1.90655
0.385539,1.9062
0.378459,1.90623
0.371377,1.90664
0.364303,1.90744
0.357252,1.90862
0.350235,1.9102
0.343268,1.91218
0.336365,1.91456
0.329541,1.91736
0.322813,1.92057
0.316197,1.9242
0.309713,1.92826
0.30338,1.93275
0.297219,1.93768
0.291252,1.94304
0.285503,1.94886
0.279998,1.95512
0.274763,1.96183
0.26983,1.969
0.265229,1.97662
0.260996,1.9847
0.257166,1.99323
0.253781,2.00221
0.250884,2.01163
0.24852,2.02149
0.246741,2.03177
0.245599,2.04245
0.245152,2.05351
0.24546,2.06491
0.246586,2.07663
0.248597,2.08861
0.25156,2.10079
0.255541,2.1131
0.260606,2.12545
0.266814,2.13774
0.274215,2.14985
0.282846,2.16165
0.292726,2.17297
0.303848,2.18367
0.316178,2.19355
0.329646,2.20246
0.344149,2.21022
0.359548,2.21668
0.375674,2.22173
0.392337,2.22528
0.409333,2.22729
0.426459,2.22774
0.443519,2.22668
0.460334,2.22416
0.476751,2.22029
0.49264,2.21517
0.5079,2.20892
0.522453,2.20166
0.536244,2.19352
0.549239,2.18462
0.561418,2.17505
0.572774,2.16493
0.583312,2.15435
0.593041,2.14339
0.60198,2.13212
0.610148,2.12062
0.617569,2.10893
0.624269,2.09712
0.630272,2.08523
0.635606,2.0733
0.640298,2.06137
0.644372,2.04946
0.647854,2.03762
0.65077,2.02585
0.653143,2.01419
0.654995,2.00266
0.65635,1.99127
0.657227,1.98003
0.657648,1.96897
0.657631,1.95809
0.657196,1.94742
0.65636,1.93694
0.655139,1.92669
0.653551,1.91666
0.651611,1.90687
0.649333,1.89731
0.646732,1.888
0.643822,1.87895
0.640616,1.87016
0.637126,1.86163
0.633366,1.85337
0.629346,1.84538
0.625079,1.83768
0.620576,1.83026
0.615848,1.82313
0.610905,1.81629
0.605758,1.80975
0.600417,1.80351
0.594892,1.79757
0.589193,1.79195
0.58333,1.78663
0.577312,1.78164
0.571149,1.77696
0.564851,1.77261
0.558426,1.76858
0.551886,1.76489
0.545238,1.76154
0.538493,1.75852
0.531661,1.75585
0.524752,1.75353
0.517775,1.75157
0.510741,1.74996
0.503661,1.74871
0.496546,1.74783
0.489405,1.74732
0.482253,1.7472
0.475099,1.74745
0.467957,1.74809
0.460839,1.74912
0.45376,1.75055
0.446733,1.75238
0.439773,1.75462
0.432897,1.75727
0.426121,1.76034
0.419462,1.76384
0.41294,1.76776
0.406575,1.77212
0.400388,1.77692
0.394402,1.78216
0.388642,1.78785
0.383133,1.79399
0.377906,1.80059
0.372989,1.80764
0.368416,1.81515
0.364222,1.82312
0.360447,1.83154
0.35713,1.84041
0.354317,1.84972
0.352056,1.85947
0.350398,1.86963
0.349398,1.88018
0.349114,1.89111
0.349609,1.90238
0.350947,1.91393
0.353195,1.92574
0.356419,1.93772
0.360688,1.9498
0.366063,1.96189
0.372601,1.97388
0.380348,1.98564
0.389335,1.99703
0.399571,2.0079
0.411039,2.01807
0.423694,2.02737
0.437452,2.03564
0.452198,2.0427
0.467781,2.04843
0.484026,2.05271
0.500735,2.05547
0.517707,2.05669
0.534739,2.05637
0.551643,2.05456
0.568251,2.05134
0.584416,2.0468
0.600021,2.04105
0.614973,2.03422
0.629203,2.02642
0.642663,2.01779
0.655323,2.00842
0.667169,1.99843
0.678198,1.98792
0.688415,1.97697
0.697834,1.96567
0.706471,1.95408
0.714348,1.94227
0.72149,1.93029
0.72792,1.9182
0.733664,1.90605
0.73875,1.89386
0.743201,1.88167
0.747045,1.86952
0.750306,1.85744
0.753009,1.84544
0.755175,1.83355
0.756829,1.82179
0.757991,1.81017
0.758682,1.79871
0.758922,1.78743
0.75873,1.77633
0.758124,1.76543
0.757121,1.75474
0.755738,1.74427
0.753992,1.73402
0.751896,1.72401
0.749466,1.71424
0.746716,1.70471
0.74366,1.69544
0.74031,1.68643
0.736679,1.67769
0.732779,1.66921
0.728622,1.66101
0.724219,1.65309
0.719582,1.64545
0.714721,1.63811
0.709648,1.63105
0.704371,1.6243
0.698901,1.61784
0.693249,1.61169
0.687424,1.60585
0.681436,1.60032
0.675294,1.59511
0.669009,1.59022
0.662589,1.58565
0.656044,1.58142
0.649383,1.57752
0.642618,1.57396
0.635756,1.57073
0.628808,1.56786
0.621784,1.56533
0.614694,1.56316
0.607549,1.56135
0.600358,1.55991
0.593134,1.55883
0.585888,1.55813
0.578631,1.5578
0.571375,1.55786
0.564134,1.55831
0.556919,1.55916
0.549746,1.5604
0.542629,1.56205
0.535583,1.56411
0.528624,1.56659
0.52177,1.56949
0.515038,1.57281
0.508449,1.57657
0.502022,1.58077
0.49578,1.5854
0.489746,1.59049
0.483946,1.59602
0.478407,1.60201
0.473158,1.60846
0.468231,1.61536
0.46366,1.62273
0.459481,1.63055
0.455734,1.63882
0.452461,1.64755
0.449709,1.65671
0.447527,1.66631
0.445967,1.67631
0.445087,1.68671
0.444946,1.69746
0.445607,1.70854
0.447136,1.7199
0.4496,1.73147
0.453065,1.7432
0.457599,1.755
0.46326,1.76678
0.470102,1.7784
0.478167,1.78975
0.487475,1.80068
0.498029,1.81102
0.509801,1.82061
0.522731,1.82927
0.536724,1.83683
0.551652,1.84314
0.567356,1.84808
0.583652,1.85155
0.600342,1.8535
0.617225,1.8539
0.634102,1.85279
0.650795,1.85022
0.667143,1.84626
0.683011,1.84103
0.69829,1.83464
0.712896,1.82721
0.726769,1.81886
0.739866,1.80971
0.752163,1.79986
0.763649,1.78943
0.774324,1.77849
0.784195,1.76715
0.793276,1.75547
0.801587,1.74352
0.809147,1.73137
0.815982,1.71907
0.822117,1.70667
0.827575,1.6942
0.832384,1.68171
0.836568,1.66924
0.840153,1.6568
0.843163,1.64444
0.845622,1.63216
0.847551,1.61999
0.848975,1.60796
0.849912,1.59607
0.850384,1.58434
0.85041,1.57279
0.850008,1.56143
0.849197,1.55026
0.847992,1.53931
0.846412,1.52857
0.84447,1.51806
0.842182,1.50778
0.839563,1.49774
0.836626,1.48795
0.833385,1.47842
0.829852,1.46914
0.82604,1.46013
0.821961,1.45139
0.817626,1.44292
0.813047,1.43473
0.808235,1.42683
0.8032,1.41922
0.797953,1.4119
0.792504,1.40488
0.786863,1.39816
0.78104,1.39174
0.775046,1.38564
0.768889,1.37985
0.762579,1.37438
0.756126,1.36923
0.749539,1.3644
0.742828,1.35991
0.736003,1.35575
0.729073,1.35193
0.722048,1.34845
0.714938,1.34532
0.707752,1.34254
0.700502,1.34012
0.693198,1.33806
0.685851,1.33637
0.678471,1.33505
0.671071,1.3341
0.663662,1.33354
0.656256,1.33336
0.648868,1.33357
0.641509,1.33418
0.634194,1.3352
0.626939,1.33662
0.619758,1.33845
0.612669,1.34071
0.605689,1.34338
0.598837,1.34649
0.592133,1.35004
0.585598,1.35402
0.579254,1.35845
0.573126,1.36333
0.567241,1.36866
0.561626,1.37445
0.556311,1.3807
0.551329,1.38741
0.546716,1.39458
0.542508,1.40221
0.538747,1.41029
0.535477,1.41882
0.532745,1.42779
0.530602,1.43718
0.529103,1.44697
0.528304,1.45715
0.528268,1.46767
0.529058,1.4785
0.53074,1.4896
0.533382,1.50089
0.53705,1.5123
0.541808,1.52375
0.547713,1.53513
0.554815,1.54632
0.563146,1.55717
0.572722,1.56755
0.583534,1.57729
0.595541,1.5862
0.608672,1.59414
0.62282,1.60092
0.637846,1.60641
0.653582,1.6105
0.669841,1.61311
0.686423,1.61419
0.703129,1.61374
0.719771,1.61179
0.736175,1.60842
0.752192,1.60371
0.767696,1.59777
0.782588,1.59071
0.796792,1.58265
0.810254,1.57371
0.822937,1.56401
0.834823,1.55364
0.845902,1.54271
0.856177,1.53132
0.865657,1.51953
0.874356,1.50743
0.882295,1.49508
0.889494,1.48253
0.895977,1.46985
0.901769,1.45708
0.906895,1.44425
0.911379,1.43141
0.915248,1.41858
0.918524,1.4058
0.921233,1.39309
0.923397,1.38047
0.925038,1.36796
0.926178,1.35559
0.926837,1.34337
0.927035,1.33131
0.926791,1.31942
0.926123,1.30772
0.925049,1.29623
0.923585,1.28494
0.921747,1.27386
0.919551,1.26302
0.91701,1.2524
0.91414,1.24203
0.910954,1.23191
0.907465,1.22204
0.903685,1.21243
0.899627,1.20308
0.895303,1.194
0.890724,1.1852
0.885902,1.17668
0.880846,1.16844
0.875568,1.16049
0.870079,1.15284
0.864388,1.14548
0.858505,1.13843
0.852441,1.13168
0.846204,1.12524
0.839806,1.11912
0.833254,1.11331
0.82656,1.10783
0.819732,1.10268
0.81278,1.09785
0.805714,1.09336
0.798543,1.08922
0.791277,1.08541
0.783927,1.08196
0.776503,1.07886
0.769014,1.07612
0.761472,1.07374
0.753888,1.07173
0.746273,1.07009
0.738638,1.06883
0.730996,1.06796
0.72336,1.06747
0.715742,1.06738
0.708157,1.06769
0.700619,1.0684
0.693144,1.06953
0.685747,1.07107
0.678445,1.07304
0.671257,1.07543
0.664203,1.07825
0.657301,1.08151
0.650576,1.08522
0.644049,1.08938
0.637746,1.09398
0.631694,1.09905
0.625923,1.10457
0.620462,1.11055
0.615347,1.117
0.610613,1.12391
0.6063,1.13127
0.602449,1.13909
0.599106,1.14735
0.59632,1.15605
0.594142,1.16516
0.59263,1.17467
0.591841,1.18455
0.591838,1.19476
0.592686,1.20526
0.594451,1.216
0.5972,1.22691
0.600997,1.23791
0.605905,1.24891
0.611976,1.25979
0.619254,1.27043
0.627765,1.28069
0.637514,1.29041
0.64848,1.29942
0.660612,1.30756
0.673826,1.31465
0.688003,1.32055
0.702995,1.32513
0.718629,1.32828
0.734713,1.32994
0.751052,1.33008
0.767451,1.32871
0.783729,1.32588
0.799723,1.32166
0.815293,1.31614
0.830324,1.30943
0.844724,1.30165
0.858426,1.29291
0.871382,1.28333
0.88356,1.27302
0.894943,1.26207
0.905527,1.2506
0.915315,1.23867
0.924317,1.22637
0.932549,1.21378
0.94003,1.20094
0.946781,1.18793
0.952825,1.17479
0.958187,1.16156
0.962891,1.14828
0.966962,1.135
0.970423,1.12173
0.973299,1.10851
0.975613,1.09537
0.977388,1.08231
0.978644,1.06938
0.979403,1.05657
0.979685,1.04392
0.979509,1.03142
0.978894,1.01911
0.977857,1.00698
0.976416,0.995043
0.974586,0.983319
0.972383,0.971812
0.969823,0.960529
0.96692,0.94948
0.963687,0.938671
0.960138,0.928108
0.956286,0.917798
0.952143,0.907747
0.947722,0.89796
0.943034,0.888443
0.93809,0.8792
0.932901,0.870237
0.927479,0.861558
0.921833,0.853168
0.915975,0.845072
0.909914,0.837273
0.903659,0.829776
0.897222,0.822586
0.890611,0.815707
0.883837,0.809143
0.876909,0.802899
0.869836,0.796978
0.862628,0.791385
0.855295,0.786125
0.847847,0.781202
0.840293,0.77662
0.832643,0.772385
0.824908,0.768501
0.817098,0.764972
0.809222,0.761804
0.801293,0.759001
0.793322,0.756569
0.785319,0.754513
0.777297,0.752838
0.769269,0.751549
0.761247,0.750653
0.753244,0.750154
0.745276,0.750058
0.737357,0.75037
0.729502,0.751097
0.721729,0.752245
0.714055,0.753818
0.706499,0.755822
0.699081,0.758264
0.691822,0.761147
0.684744,0.764477
0.677872,0.768259
0.671233,0.772497
0.664854,0.777193
0.658765,0.782351
0.653,0.787972
0.647592,0.794055
0.642579,0.800599
0.638003,0.807601
0.633906,0.815053
0.630336,0.822947
0.627343,0.831268
0.62498,0.839998
0.623305,0.849113
0.622378,0.858583
0.622262,0.868369
0.623022,0.878422
0.624724,0.888683
0.627433,0.899081
0.631212,0.90953
0.636118,0.919928
0.6422,0.93016
0.649493,0.940094
0.658012,0.949582
0.667753,0.958467
0.678682,0.966584
0.690735,0.973767
0.703815,0.979858
0.717794,0.984716
0.732516,0.988223
0.747804,0.990293
0.763468,0.990876
0.779317,0.989959
0.795165,0.987565
0.81084,0.983747
0.82619,0.978583
0.841086,0.972168
0.855423,0.964611
0.869118,0.956023
0.882109,0.946518
0.894355,0.936207
0.905827,0.925195
0.916513,0.91358
0.926408,0.901453
0.935517,0.888896
0.943851,0.875985
0.951425,0.862787
0.958258,0.849361
0.964371,0.835763
0.969786,0.82204
0.974526,0.808236
0.978616,0.794387
0.982078,0.780529
0.984937,0.766692
0.987214,0.752902
0.988934,0.739184
0.990117,0.72556
0.990784,0.712049
0.990955,0.698669
0.990651,0.685434
0.989889,0.67236
0.988688,0.65946
0.987065,0.646745
0.985036,0.634225
0.982617,0.621912
0.979824,0.609813
0.976671,0.597937
0.973173,0.586291
0.969342,0.574884
0.965192,0.563722
0.960736,0.552811
0.955985,0.542156
0.950952,0.531765
0.945649,0.521642
0.940085,0.511792
0.934273,0.502221
0.928222,0.492934
0.921943,0.483935
0.915447,0.475228
0.908743,0.46682
0.901841,0.458713
0.894751,0.450913
0.887482,0.443424
0.880045,0.436251
0.872449,0.429398
0.864702,0.42287
0.856816,0.416671
0.848799,0.410806
0.840662,0.40528
0.832414,0.400098
0.824065,0.395264
0.815625,0.390783
0.807106,0.38666
0.798517,0.382901
0.78987,0.379511
0.781175,0.376495
0.772446,0.373858
0.763694,0.371607
0.754931,0.369746
0.746172,0.368281
0.73743,0.367219
0.72872,0.366565
0.720057,0.366325
0.711458,0.366505
0.702939,0.367111
0.69452,0.368149
0.68622,0.369623
0.67806,0.371541
0.670062,0.373907
0.66225,0.376725
0.654649,0.380001
0.647287,0.383739
0.640193,0.38794
0.6334,0.392608
0.626941,0.397742
0.620853,0.403342
0.615176,0.409405
0.609952,0.415925
0.605228,0.422895
0.601051,0.430301
0.597475,0.438127
0.594556,0.446352
0.592351,0.454947
0.590923,0.463877
0.590336,0.473098
0.590654,0.482554
0.591942,0.492179
0.594263,0.501894
0.597676,0.511605
0.60223,0.521203
0.607966,0.530566
0.614906,0.539554
0.623053,0.548019
0.632387,0.555802
0.642858,0.562742
0.654385,0.568683
0.666858,0.57348
0.680138,0.577008
0.694064,0.579168
0.708458,0.579896
0.723138,0.57916
0.737919,0.576962
0.752631,0.573338
0.767114,0.568347
0.781232,0.562072
0.79487,0.554608
0.807932,0.546059
0.820348,0.536533
0.832061,0.526137
0.843036,0.514976
0.853249,0.503147
0.862689,0.490743
0.871351,0.477849
0.879242,0.464543
0.886372,0.450895
0.892755,0.436969
0.898408,0.422823
0.903351,0.408507
0.907605,0.394067
0.911192,0.379546
0.914134,0.364978
0.916454,0.350398
0.918172,0.335835
0.919312,0.321315
0.919893,0.306862
0.919938,0.292497
0.919464,0.27824
0.918493,0.264107
0.917041,0.250115
0.915128,0.236277
0.91277,0.222607
0.909983,0.209117
0.906784,0.195817
0.903188,0.182717
0.899208,0.169826
0.89486,0.157154
0.890157,0.144707
0.885112,0.132494
0.879736,0.120522
0.874043,0.108797
0.868045,0.0973248
0.861751,0.0861123
0.855174,0.0751651
0.848325,0.0644886
0.841212,0.0540882
0.833848,0.0439693
0.826241,0.0341369
0.818401,0.0245962
0.810338,0.0153522
0.802062,0.00640977
0.793581,-0.002226
0.784905,-0.0105502
0.776044,-0.0185577
0.767005,-0.0262437
0.757799,-0.0336029
0.748435,-0.0406303
0.738921,-0.0473205
0.729268,-0.0536682
0.719485,-0.0596681
0.709581,-0.0653145
0.699567,-0.0706017
0.689452,-0.075524
0.679247,-0.0800754
0.668963,-0.0842497
0.658611,-0.0880408
0.648202,-0.0914423
0.63775,-0.0944475
0.627265,-0.0970497
0.616763,-0.0992423
0.606257,-0.101018
0.595761,-0.10237
0.585292,-0.103291
0.574867,-0.103774
0.564503,-0.103811
0.55422,-0.103396
0.544038,-0.102521
0.533979,-0.101179
0.524067,-0.0993636
0.514328,-0.0970684
0.50479,-0.0942878
0.495481,-0.0910166
0.486436,-0.087251
0.477689,-0.082988
0.469278,-0.0782266
0.461245,-0.0729677
0.453634,-0.0672147
0.446494,-0.0609743
0.439876,-0.0542571
0.433837,-0.0470783
0.428436,-0.0394593
0.423737,-0.0314283
0.419806,-0.0230219
0.416711,-0.0142867
0.414524,-0.00528053
0.413312,0.00392564
0.413144,0.0132464
0.41408,0.0225808
0.416172,0.0318118
0.419457,0.0408066
0.423955,0.0494185
0.429662,0.0574899
0.436547,0.0648573
0.444548,0.0713578
0.453572,0.0768367
0.463497,0.0811556
0.474175,0.0842001
0.48544,0.0858854
0.497113,0.0861596
0.509016,0.0850051
0.520972,0.082436
0.53282,0.0784943
0.544415,0.0732447
0.555631,0.0667686
0.566361,0.0591588
0.576523,0.0505141
0.586049,0.0409354
0.594889,0.0305224
0.60301,0.0193715
0.610388,0.00757417
0.617012,-0.00478412
0.622877,-0.0176241
0.627985,-0.0308731
0.632345,-0.0444645
0.635967,-0.058338
0.638866,-0.0724388
0.641058,-0.0867172
0.642562,-0.101129
0.643396,-0.115632
0.643581,-0.130192
0.643135,-0.144775
0.642079,-0.159352
0.640433,-0.173895
0.638216,-0.18838
0.635447,-0.202785
0.632146,-0.217091
0.62833,-0.231279
0.624017,-0.245333
0.619225,-0.259237
0.613969,-0.272978
0.608267,-0.286544
0.602134,-0.299922
0.595585,-0.313103
0.588635,-0.326076
0.581297,-0.338833
0.573586,-0.351365
0.565515,-0.363665
0.557096,-0.375726
0.548343,-0.38754
0.539266,-0.399103
0.529878,-0.410407
0.52019,-0.421448
0.510213,-0.432221
0.499958,-0.442721
0.489435,-0.452943
0.478654,-0.462883
0.467626,-0.472537
0.45636,-0.481901
0.444865,-0.490972
0.433151,-0.499746
0.421227,-0.508219
0.409101,-0.516388
0.396783,-0.524251
0.384281,-0.531804
0.371604,-0.539045
0.358759,-0.545969
0.345756,-0.552575
0.332603,-0.55886
0.319307,-0.564822
0.305876,-0.570457
0.292319,-0.575763
0.278644,-0.580737
0.264858,-0.585378
0.250969,-0.589682
0.236985,-0.593647
0.222915,-0.59727
0.208765,-0.60055
0.194544,-0.603484
0.180259,-0.606069
0.16592,-0.608302
0.151533,-0.610183
0.137107,-0.611707
0.122649,-0.612873
0.10817,-0.613678
0.0936756,-0.61412
0.0791758,-0.614196
0.064679,-0.613904
0.0501941,-0.613241
0.03573,-0.612204
0.0212959,-0.610791
0.0069015,-0.609
-0.00744366,-0.606827
-0.0217295,-0.604269
-0.0359458,-0.601325
-0.0500818,-0.59799
-0.0641266,-0.594263
-0.0780687,-0.59014
-0.0918962,-0.585617
-0.105597,-0.580693
-0.119157,-0.575363
-0.132564,-0.569625
-0.145803,-0.563474
-0.158858,-0.556908
-0.171715,-0.549924
-0.184356,-0.542516
-0.196762,-0.534683
-0.208914,-0.52642
-0.220793,-0.517724
-0.232374,-0.50859
-0.243634,-0.499017
-0.254547,-0.488999
-0.265083,-0.478535
-0.27521,-0.46762
-0.284895,-0.456255
-0.294097,-0.444436
-0.302775,-0.432163
-0.310879,-0.419439
-0.318355,-0.406266
-0.325141,-0.392651
-0.331167,-0.378605
-0.336352,-0.364143
-0.340604,-0.349291
-0.343814,-0.334086
-0.345858,-0.318578
-0.346591,-0.302846
-0.345847,-0.286998
-0.343434,-0.271193
-0.339143,-0.255663
-0.332755,-0.240739
-0.324076,-0.226896
-0.313005,-0.214785
-0.299652,-0.205246
-0.284512,-0.199214
-0.268577,-0.197461
-0.253222,-0.200217
-0.239777,-0.206983
-0.229096,-0.216742
-0.221452,-0.228382
-0.216716,-0.240979
-0.214568,-0.253877
-0.214638,-0.266647
-0.216582,-0.279023
-0.220097,-0.290849
-0.224933,-0.302035
-0.23088,-0.312539
-0.237767,-0.32234
-0.245454,-0.331437
-0.253823,-0.339838
-0.262776,-0.347555
-0.272232,-0.354605
-0.282122,-0.361006
-0.292386,-0.366775
-0.302973,-0.371932
-0.313839,-0.376493
-0.324946,-0.380476
-0.336261,-0.383896
-0.347753,-0.386768
-0.359396,-0.389107
-0.371166,-0.390924
-0.383041,-0.392234
-0.395003,-0.393045
-0.407033,-0.39337
-0.419114,-0.393218
-0.431232,-0.392597
-0.443372,-0.391516
-0.455521,-0.389982
-0.467666,-0.388001
-0.479795,-0.385581
-0.491897,-0.382726
-0.503961,-0.379442
-0.515975,-0.375733
-0.527929,-0.371602
-0.539813,-0.367055
-0.551615,-0.362092
-0.563327,-0.356718
-0.574937,-0.350934
-0.586434,-0.344741
-0.597808,-0.338142
-0.609048,-0.331137
-0.620142,-0.323726
-0.631078,-0.315909
-0.641844,-0.307687
-0.652426,-0.299059
-0.662812,-0.290023
-0.672986,-0.280579
-0.682932,-0.270724
-0.692634,-0.260457
-0.702075,-0.249776
-0.711233,-0.238678
-0.720089,-0.227161
-0.72862,-0.215222
-0.736799,-0.202858
-0.7446,-0.190067
-0.75199,-0.176847
-0.758937,-0.163194
-0.765402,-0.149109
-0.771342,-0.134591
-0.776708,-0.119641
-0.781447,-0.104263
-0.785495,-0.0884645
-0.788782,-0.0722555
-0.791225,-0.0556543
-0.792733,-0.0386869
-0.793195,-0.0213923
-0.792487,-0.00382642
-0.790466,0.0139298
-0.786969,0.0317605
-0.781814,0.0495004
-0.774807,0.066915
-0.765757,0.0836746
-0.754508,0.0993268
-0.741004,0.113275
-0.725384,0.124791
-0.708095,0.133106
-0.689953,0.137598
-0.672045,0.13804
-0.65546,0.134723
-0.640999,0.128349
-0.629064,0.119774
-0.619716,0.109796
-0.612807,0.0990506
-0.608097,0.0880006
-0.60532,0.0769671
-0.604224,0.0661647
-0.604581,0.0557335
-0.606195,0.0457627
-0.608897,0.0363073
-0.612544,0.027399
-0.617015,0.0190543
-0.622205,0.0112797
-0.628027,0.00407472
-0.634404,-0.00256533
-0.641271,-0.00864791
-0.648572,-0.0141821
-0.656255,-0.019178
-0.664278,-0.0236459
-0.672602,-0.0275965
-0.681193,-0.0310401
-0.69002,-0.0339866
-0.699055,-0.0364457
-0.708274,-0.0384266
-0.717654,-0.0399378
-0.727173,-0.0409873
-0.736814,-0.0415829
-0.746559,-0.0417314
-0.75639,-0.0414393
-0.766294,-0.0407125
-0.776255,-0.0395565
-0.78626,-0.0379763
-0.796296,-0.0359763
-0.80635,-0.0335605
-0.816411,-0.0307325
-0.826467,-0.0274953
-0.836506,-0.0238517
-0.846518,-0.0198039
-0.856491,-0.0153538
-0.866415,-0.0105028
-0.876278,-0.00525212
-0.88607,0.000397702
-0.895779,0.00644632
-0.905395,0.0128938
-0.914904,0.0197406
-0.924296,0.0269875
-0.933557,0.0346357
-0.942675,0.0426867
-0.951635,0.0511424
-0.960424,0.060005
-0.969025,0.0692772
-0.977423,0.0789618
-0.9856,0.0890621
-0.993537,0.0995815
-1.00121,0.110524
-1.00861,0.121893
-1.01569,0.133693
-1.02244,0.145929
-1.02883,0.158604
-1.03482,0.171723
-1.04038,0.185288
-1.04546,0.199304
-1.05002,0.213772
-1.05401,0.228691
-1.05736,0.24406
-1.06002,0.259874
-1.06189,0.27612
-1.06289,0.292783
-1.06292,0.309832
-1.06185,0.327227
-1.05953,0.344902
-1.05582,0.362764
-1.05051,0.380676
-1.0434,0.398436
-1.03429,0.415757
-1.02295,0.43223
-1.00927,0.447298
-0.993271,0.46024
-0.975255,0.470236
-0.955925,0.476525
-0.936342,0.478676
-0.917687,0.476797
-0.900922,0.471495
-0.8866,0.463636
-0.874883,0.454075
-0.865675,0.443517
-0.858755,0.432483
-0.853859,0.42134
-0.85073,0.410334
-0.849135,0.399626
-0.848869,0.389322
-0.849757,0.379488
-0.851651,0.370163
-0.854424,0.361371
-0.857968,0.353123
-0.862191,0.345421
-0.867015,0.338264
-0.872372,0.331647
-0.878201,0.325562
-0.884453,0.320001
-0.891081,0.314955
-0.898046,0.310415
-0.905311,0.306371
-0.912845,0.302815
-0.92062,0.299736
-0.92861,0.297128
-0.936791,0.294982
-0.945141,0.293291
-0.953641,0.292047
-0.962274,0.291244
-0.971021,0.290877
-0.979867,0.290939
-0.988798,0.291425
-0.997799,0.292332
-1.00686,0.293654
-1.01596,0.295389
-1.02509,0.297533
-1.03425,0.300083
-1.04341,0.303037
-1.05257,0.306393
-1.06172,0.310149
-1.07084,0.314304
-1.07993,0.318858
-1.08897,0.323809
-1.09795,0.329159
-1.10686,0.334906
-1.11569,0.341053
-1.12443,0.3476
-1.13307,0.354549
-1.14159,0.361901
-1.14997,0.369659
-1.15821,0.377825
-1.16629,0.386403
-1.1742,0.395395
-1.18191,0.404805
-1.18941,0.414638
-1.19668,0.424898
-1.2037,0.435589
-1.21045,0.446717
-1.21689,0.458286
-1.22301,0.470302
-1.22876,0.48277
-1.23413,0.495695
-1.23906,0.509082
-1.24351,0.522935
-1.24744,0.537257
-1.25079,0.552049
-1.25349,0.56731
-1.25547,0.583034
-1.25665,0.599211
-1.25693,0.615822
-1.25619,0.632836
-1.2543,0.650207
-1.2511,0.667862
-1.24641,0.685694
-1.24002,0.703542
-1.23172,0.721172
-1.22127,0.738243
-1.20846,0.754273
-1.19322,0.768611
-1.17567,0.780449
-1.15629,0.788929
-1.136,0.793383
-1.11599,0.793614
-1.09739,0.790001
-1.081,0.783333
-1.06716,0.77451
-1.0559,0.764329
-1.04704,0.753406
-1.04032,0.742181
-1.0355,0.730956
-1.03232,0.719933
-1.03057,0.709242
-1.03007,0.698969
-1.03064,0.689168
-1.03217,0.679869
-1.03452,0.671091
-1.03761,0.662842
-1.04135,0.655124
-1.04567,0.647933
-1.0505,0.641265
-1.05579,0.635114
-1.06149,0.62947
-1.06756,0.624327
-1.07396,0.619675
-1.08066,0.615506
-1.08763,0.611811
-1.09483,0.608584
-1.10226,0.605815
-1.10988,0.603499
-1.11767,0.601628
-1.12562,0.600196
-1.1337,0.599197
-1.14191,0.598626
-1.15022,0.598479
-1.15862,0.59875
-1.1671,0.599437
-1.17564,0.600534
-1.18424,0.60204
-1.19287,0.603952
-1.20154,0.606267
-1.21022,0.608983
-1.2189,0.6121
-1.22758,0.615615
-1.23625,0.619529
-1.24488,0.623841
-1.25348,0.628552
-1.26203,0.633661
-1.27052,0.63917
-1.27893,0.645079
-1.28726,0.651391
-1.29549,0.658108
-1.30362,0.665232
-1.31162,0.672766
-1.31948,0.680713
-1.32719,0.689076
-1.33473,0.69786
-1.34208,0.70707
-1.34923,0.716709
-1.35615,0.726783
-1.36282,0.737298
-1.36923,0.748259
-1.37533,0.759672
-1.38111,0.771544
-1.38653,0.78388
-1.39155,0.796687
-1.39614,0.809971
-1.40024,0.823736
-1.40381,0.837986
-1.40678,0.852724
-1.40909,0.867948
-1.41066,0.883653
-1.4114,0.899828
-1.41119,0.916452
-1.40992,0.933492
-1.40743,0.950894
-1.40356,0.968575
-1.39811,0.986411
-1.39085,1.00421
-1.38154,1.02171
-1.36995,1.03849
-1.3559,1.05401
-1.33936,1.0675
-1.32061,1.07811
-1.30032,1.085
-1.27958,1.08766
-1.25963,1.08617
-1.24148,1.08113
-1.22573,1.07343
-1.21254,1.06393
-1.20185,1.05335
-1.19342,1.04223
-1.18702,1.03093
-1.18238,1.01971
-1.17928,1.00873
-1.17752,0.998099
-1.17693,0.987893
-1.17736,0.978154
-1.17869,0.968908
-1.18081,0.960169
-1.18363,0.951945
-1.18708,0.944235
-1.19108,0.937037
-1.19558,0.930347
-1.20053,0.924158
-1.20588,0.918463
-1.2116,0.913255
-1.21764,0.908525
-1.22397,0.904267
-1.23058,0.900473
-1.23742,0.897134
-1.24448,0.894246
-1.25174,0.891801
-1.25917,0.889794
-1.26676,0.888218
-1.2745,0.88707
-1.28235,0.886343
-1.29032,0.886034
-1.29838,0.88614
-1.30653,0.886656
-1.31475,0.887579
-1.32302,0.888908
-1.33134,0.89064
-1.3397,0.892773
-1.34807,0.895306
-1.35646,0.898239
-1.36485,0.901569
-1.37323,0.905298
-1.38159,0.909426
-1.38992,0.913952
-1.39821,0.918879
-1.40644,0.924207
-1.4146,0.929939
-1.42269,0.936076
-1.43068,0.942621
-1.43857,0.949577
-1.44634,0.956947
-1.45398,0.964736
-1.46147,0.972947
-1.4688,0.981585
-1.47595,0.990656
-1.48289,1.00016
-1.48961,1.01012
-1.49609,1.02052
-1.50229,1.03138
-1.5082,1.0427
-1.51378,1.05449
-1.519,1.06676
-1.52381,1.07951
-1.52818,1.09276
-1.53207,1.1065
-1.5354,1.12075
-1.53812,1.1355
-1.54016,1.15075
-1.54143,1.1665
-1.54182,1.18274
-1.54123,1.19944
-1.53952,1.21656
-1.53653,1.23405
-1.53206,1.2518
-1.52591,1.26968
-1.51783,1.28745
-1.50756,1.3048
-1.49488,1.32125
-1.47965,1.33615
-1.46195,1.34867
-1.44221,1.35791
-1.42132,1.36312
-1.4005,1.36405
-1.38093,1.36101
-1.36345,1.3548
-1.34846,1.3463
-1.33598,1.33633
-1.32588,1.32552
-1.31793,1.31431
-1.31186,1.30302
-1.30745,1.29186
-1.30448,1.28097
-1.30277,1.27045
-1.30216,1.26034
-1.30252,1.2507
-1.30374,1.24154
-1.30571,1.23287
-1.30836,1.2247
-1.31161,1.21702
-1.31539,1.20985
-1.31966,1.20317
-1.32437,1.19697
-1.32948,1.19126
-1.33493,1.18602
-1.34072,1.18124
-1.34679,1.17693
-1.35313,1.17307
-1.35971,1.16965
-1.36651,1.16668
-1.37351,1.16414
-1.38068,1.16204
-1.38802,1.16036
-1.3955,1.15909
-1.40311,1.15825
-1.41083,1.15782
-1.41866,1.15779
-1.42657,1.15818
-1.43456,1.15897
-1.44261,1.16016
-1.45071,1.16175
-1.45885,1.16375
-1.46702,1.16614
-1.47521,1.16892
-1.4834,1.17211
-1.49159,1.1757
-1.49977,1.17968
-1.50792,1.18407
-1.51603,1.18885
-1.52409,1.19404
-1.53209,1.19964
-1.54002,1.20564
-1.54787,1.21206
-1.55561,1.21889
-1.56324,1.22614
-1.57075,1.23382
-1.57811,1.24192
-1.58531,1.25046
-1.59233,1.25944
-1.59915,1.26886
-1.60575,1.27874
-1.6121,1.28907
-1.61819,1.29987
-1.62398,1.31115
-1.62943,1.32291
-1.63452,1.33516
-1.63921,1.34791
-1.64344,1.36117
-1.64717,1.37494
-1.65033,1.38923
-1.65286,1.40404
-1.65469,1.41937
-1.65571,1.43522
-1.65582,1.45157
-1.65489,1.46839
-1.65277,1.48565
-1.6493,1.50326
-1.64425,1.52112
-1.6374,1.53906
-1.62849,1.5568
-1.61726,1.57397
-1.6035,1.59001
-1.58712,1.60417
-1.56835,1.61556
-1.54784,1.62329
-1.52664,1.62679
-1.50603,1.62607
-1.48706,1.62169
-1.47036,1.61452
-1.45616,1.60542
-1.4444,1.59513
-1.43489,1.58419
-1.4274,1.57297
-1.42167,1.56175
-1.4175,1.5507
-1.41467,1.53994
-1.41304,1.52955
-1.41245,1.51957
-1.41278,1.51005
-1.41392,1.50099
-1.41579,1.49241
-1.41831,1.48431
-1.42142,1.4767
-1.42504,1.46957
-1.42914,1.46292
-1.43366,1.45674
-1.43857,1.45103
-1.44383,1.44578
-1.44942,1.44099
-1.45529,1.43664
-1.46142,1.43274
-1.4678,1.42928
-1.4744,1.42625
-1.48119,1.42365
-1.48817,1.42147
-1.49531,1.4197
-1.5026,1.41836
-1.51002,1.41742
-1.51756,1.4169
-1.5252,1.41677
-1.53294,1.41706
-1.54075,1.41774
-1.54863,1.41882
-1.55658,1.42031
-1.56456,1.42219
-1.57258,1.42446
-1.58062,1.42714
-1.58868,1.43021
-1.59673,1.43369
-1.60478,1.43756
-1.61281,1.44183
-1.6208,1.44651
-1.62875,1.45159
-1.63665,1.45708
-1.64448,1.46299
-1.65222,1.46931
-1.65987,1.47605
-1.66742,1.48321
-1.67484,1.4908
-1.68212,1.49883
-1.68924,1.5073
-1.69618,1.51622
-1.70293,1.52559
-1.70946,1.53542
-1.71575,1.54572
-1.72176,1.55651
-1.72748,1.56777
-1.73286,1.57954
-1.73787,1.59181
-1.74246,1.60459
-1.74659,1.6179
-1.75021,1.63173
-1.75324,1.64611
-1.75562,1.66102
-1.75726,1.67647
-1.75806,1.69246
-1.75791,1.70896
-1.75665,1.72595
-1.75414,1.74337
-1.75018,1.76114
-1.74454,1.77912
-1.73698,1.79711
-1.7272,1.8148
-1.71497,1.83173
-1.7001,1.84725
-1.68261,1.86053
-1.66291,1.87062
-1.64184,1.87674
-1.62061,1.87854
-1.60043,1.87631
-1.58219,1.87078
-1.56633,1.86285
-1.55293,1.85331
-1.54186,1.84282
-1.53292,1.83183
-1.52586,1.82066
-1.52046,1.80955
-1.51651,1.79864
-1.51384,1.78803
-1.51229,1.77779
-1.51174,1.76796
-1.51205,1.75856
-1.51315,1.74962
-1.51495,1.74115
-1.51737,1.73314
-1.52036,1.72561
-1.52386,1.71854
-1.52781,1.71193
-1.53219,1.70579
-1.53694,1.7001
-1.54204,1.69486
-1.54746,1.69006
-1.55317,1.68571
-1.55914,1.68178
-1.56535,1.67829
-1.57178,1.67522
-1.57841,1.67257
-1.58523,1.67034
-1.59221,1.66852
-1.59934,1.66711
-1.60661,1.6661
-1.61401,1.6655
-1.62151,1.6653
-1.62911,1.66551
-1.63679,1.66611
-1.64454,1.6671
-1.65236,1.6685
-1.66023,1.67029
-1.66813,1.67247
-1.67607,1.67506
-1.68402,1.67804
-1.69198,1.68142
-1.69993,1.6852
-1.70787,1.68939
-1.71579,1.69398
-1.72366,1.69898
-1.73149,1.70439
-1.73925,1.71021
-1.74693,1.71646
-1.75453,1.72313
-1.76202,1.73023
-1.76939,1.73777
-1.77662,1.74574
-1.7837,1.75417
-1.79061,1.76305
-1.79732,1.77239
-1.80381,1.78221
-1.81006,1.79251
-1.81603,1.80329
-1.8217,1.81458
-1.82704,1.82638
-1.832,1.83869
-1.83653,1.85154
-1.84059,1.86492
-1.84411,1.87886
-1.84704,1.89335
-1.84928,1.90839
-1.85076,1.924
-1.85135,1.94016
-1.85093,1.95684
-1.84936,1.97402
-1.84644,1.99163
-1.84197,2.00958
-1.83571,2.02769
-1.82738,2.04573
-1.81669,2.06333
-1.80341,2.07993
-1.78742,2.09479
-1.76888,2.10701
-1.7484,2.11565
-1.72701,2.1201
-1.70599,2.12027
-1.68643,2.1167
-1.66901,2.11022
-1.654,2.10169
-1.64137,2.09185
-1.63095,2.08124
-1.62253,2.07027
-1.61588,2.0592
-1.61079,2.04822
-1.60706,2.03747
-1.60454,2.02703
-1.60308,2.01695
-1.60256,2.00727
-1.60288,1.99802
-1.60395,1.98921
-1.60569,1.98085
-1.60803,1.97294
-1.61092,1.96549
-1.61431,1.95849
-1.61815,1.95195
-1.6224,1.94585
-1.62702,1.94019
-1.63199,1.93497
-1.63727,1.93019
-1.64284,1.92583
-1.64867,1.9219
-1.65474,1.91839
-1.66103,1.9153
-1.66753,1.91262
-1.67421,1.91035
-1.68106,1.90848
-1.68806,1.90702
-1.69521,1.90596
-1.70248,1.9053
-1.70987,1.90504
-1.71735,1.90518
-1.72493,1.90571
-1.73258,1.90664
-1.7403,1.90796
-1.74807,1.90967
-1.75589,1.91179
-1.76375,1.91429
-1.77162,1.9172
-1.77951,1.92051
-1.7874,1.92422
-1.79528,1.92833
-1.80314,1.93285
-1.81096,1.93778
-1.81874,1.94313
-1.82646,1.9489
-1.83411,1.95509
-1.84167,1.96171
-1.84913,1.96876
-1.85648,1.97626
-1.86369,1.9842
-1.87075,1.99261
-1.87764,2.00147
-1.88434,2.01081
-1.89081,2.02063
-1.89705,2.03094
-1.90301,2.04176
-1.90866,2.05308
-1.91397,2.06494
-1.91889,2.07732
-1.92338,2.09026
-1.92739,2.10375
-1.93084,2.1178
-1.93367,2.13244
-1.93579,2.14764
-1.9371,2.16343
-1.93749,2.17978
-1.9368,2.19668
-1.93489,2.21408
-1.93154,2.2319
-1.92653,2.25003
-1.9196,2.26827
-1.91044,2.28633
-1.89879,2.30376
-1.88441,2.31992
-1.86731,2.33397
-1.84782,2.34495
-1.82675,2.35203
-1.8053,2.35479
-1.7847,2.35346
-1.76588,2.34873
-1.74932,2.34148
-1.73513,2.3325
-1.72323,2.32246
-1.71342,2.31181
-1.70549,2.3009
-1.69922,2.28995
-1.69441,2.27913
-1.69088,2.26855
-1.6885,2.25828
-1.68712,2.24837
-1.68664,2.23885
-1.68697,2.22975
-1.68801,2.22107
-1.68971,2.21284
-1.69199,2.20504
-1.6948,2.19768
-1.69809,2.19076
-1.70183,2.18428
-1.70597,2.17823
-1.71048,2.17262
-1.71533,2.16743
-1.72049,2.16267
-1.72594,2.15832
-1.73165,2.15439
-1.7376,2.15088
-1.74377,2.14777
-1.75015,2.14507
-1.75672,2.14277
-1.76346,2.14087
-1.77035,2.13938
-1.77739,2.13828
-1.78457,2.13757
-1.79185,2.13726
-1.79925,2.13734
-1.80674,2.13781
-1.81431,2.13868
-1.82195,2.13994
-1.82965,2.1416
-1.8374,2.14365
-1.84519,2.1461
-1.85301,2.14894
-1.86085,2.15219
-1.86869,2.15584
-1.87653,2.15989
-1.88435,2.16436
-1.89214,2.16924
-1.89989,2.17453
-1.90759,2.18025
-1.91522,2.1864
-1.92277,2.19299
-1.93022,2.20001
-1.93756,2.20748
-1.94477,2.21541
-1.95184,2.22381
-1.95873,2.23267
-1.96543,2.24202
-1.97191,2.25186
-1.97814,2.26221
-1.9841,2.27307
-1.98975,2.28445
-1.99505,2.29638
-1.99996,2.30886
-2.00442,2.3219
-2.00838,2.33552
-2.01177,2.34972
-2.01451,2.36452
-2.0165,2.37991
-2.01765,2.39591
-2.01782,2.41248
-2.01686,2.42962
-2.01458,2.44725
-2.01077,2.4653
-2.00518,2.48361
-1.99751,2.50196
-1.98747,2.51999
-1.97478,2.53716
-1.95928,2.55274
-1.9411,2.5658
-1.92079,2.57538
-1.89936,2.58081
-1.87809,2.58195
-1.85809,2.57926
-1.84008,2.57356
-1.82437,2.5657
-1.81097,2.55641
-1.79976,2.54624
-1.79051,2.53561
-1.78303,2.52479
-1.7771,2.51399
-1.77255,2.50335
-1.76921,2.49294
-1.76696,2.48285
-1.76566,2.47312
-1.76522,2.46376
-1.76556,2.45481
-1.76658,2.44627
-1.76824,2.43816
-1.77046,2.43047
-1.7732,2.42321
-1.77642,2.41637
-1.78007,2.40996
-1.78411,2.40398
-1.78852,2.39841
-1.79327,2.39326
-1.79832,2.38852
-1.80366,2.38419
-1.80926,2.38028
-1.81511,2.37676
-1.82118,2.37365
-1.82746,2.37094
-1.83392,2.36862
-1.84057,2.3667
-1.84737,2.36517
-1.85432,2.36404
-1.86141,2.36329
-1.86861,2.36294
-1.87593,2.36298
-1.88335,2.36341
-1.89085,2.36423
-1.89843,2.36544
-1.90607,2.36704
-1.91377,2.36904
-1.92152,2.37144
-1.92929,2.37423
-1.93709,2.37743
-1.9449,2.38102
-1.95271,2.38503
-1.96051,2.38945
-1.96829,2.39429
-1.97603,2.39955
-1.98372,2.40523
-1.99135,2.41135
-1.9989,2.41791
-2.00636,2.42492
-2.01371,2.43238
-2.02093,2.4403
-2.02801,2.4487
-2.03491,2.45758
-2.04163,2.46696
-2.04813,2.47683
-2.05438,2.48723
-2.06035,2.49815
-2.06601,2.50961
-2.07131,2.52163
-2.07621,2.53421
-2.08065,2.54738
-2.08457,2.56115
-2.0879,2.57552
-2.09055,2.59051
-2.09242,2.60611
-2.0934,2.62233
-2.09334,2.63915
-2.09208,2.65654
-2.08941,2.67443
-2.08509,2.69271
-2.07886,2.7112
-2.07039,2.72963
-2.05939,2.74756
-2.04561,2.76436
-2.02898,2.77919
-2.0098,2.79107
-1.98886,2.79912
-1.96731,2.80287
-1.94642,2.8025
-1.92713,2.79864
-1.90997,2.79214
-1.89509,2.78382
-1.88245,2.7743
-1.87186,2.76409
-1.86313,2.75351
-1.85606,2.74282
-1.85045,2.73218
-1.84613,2.72171
-1.84297,2.71149
-1.84083,2.70158
-1.83961,2.69202
-1.83921,2.68283
-1.83955,2.67403
-1.84057,2.66563
-1.84219,2.65764
-1.84436,2.65007
-1.84704,2.6429
-1.85018,2.63616
-1.85375,2.62982
-1.85771,2.6239
-1.86203,2.61838
-1.86668,2.61327
-1.87164,2.60857
-1.87689,2.60427
-1.8824,2.60036
-1.88815,2.59686
-1.89413,2.59374
-1.90031,2.59103
-1.90669,2.5887
-1.91325,2.58676
-1.91997,2.58521
-1.92685,2.58405
-1.93386,2.58328
-1.941,2.58289
-1.94825,2.58289
-1.9556,2.58328
-1.96305,2.58406
-1.97058,2.58523
-1.97818,2.58679
-1.98584,2.58874
-1.99355,2.59109
-2.00129,2.59385
-2.00907,2.597
-2.01686,2.60056
-2.02466,2.60453
-2.03245,2.60891
-2.04022,2.61371
-2.04796,2.61894
-2.05565,2.6246
-2.06329,2.6307
-2.07086,2.63725
-2.07834,2.64424
-2.08571,2.6517
-2.09295,2.65964
-2.10006,2.66805
-2.10699,2.67695
-2.11374,2.68636
-2.12026,2.69629
-2.12654,2.70674
-2.13254,2.71774
-2.13821,2.72929
-2.14352,2.74142
-2.14842,2.75413
-2.15284,2.76745
-2.15673,2.78138
-2.16,2.79594
-2.16256,2.81113
-2.16431,2.82697
-2.1651,2.84344
-2.1648,2.86052
-2.1632,2.87818
-2.1601,2.89633
-2.15522,2.91484
-2.14828,2.9335
-2.13894,2.95195
-2.12691,2.96969
-2.11199,2.98598
-2.09425,2.99988
-2.07421,3.0104
-2.05285,3.01683
-2.03142,3.01896
-2.01108,3.01722
-1.99258,3.01236
-1.97626,3.00523
-1.96219,2.99656
-1.95024,2.98691
-1.94023,2.97669
-1.93198,2.96621
-1.92527,2.95566
-1.91995,2.94519
-1.91585,2.93491
-1.91285,2.92488
-1.91082,2.91515
-1.90967,2.90576
-1.90931,2.89674
-1.90966,2.88809
-1.91066,2.87983
-1.91225,2.87197
-1.91437,2.8645
-1.917,2.85744
-1.92008,2.85078
-1.92357,2.84452
-1.92745,2.83866
-1.93169,2.8332
-1.93626,2.82814
-1.94114,2.82347
-1.9463,2.8192
-1.95172,2.81531
-1.95739,2.81182
-1.96328,2.80871
-1.96939,2.80599
-1.97569,2.80366
-1.98217,2.80171
-1.98882,2.80014
-1.99563,2.79896
-2.00258,2.79816
-2.00966,2.79775
-2.01686,2.79772
-2.02416,2.79807
-2.03156,2.79882
-2.03905,2.79995
-2.04662,2.80148
-2.05425,2.80339
-2.06193,2.80571
-2.06966,2.80842
-2.07742,2.81154
-2.0852,2.81506
-2.09299,2.819
-2.10078,2.82335
-2.10856,2.82813
-2.11631,2.83334
-2.12402,2.83898
-2.13168,2.84507
-2.13927,2.85161
-2.14678,2.85861
-2.15418,2.86607
-2.16146,2.87402
-2.1686,2.88246
-2.17557,2.8914
-2.18235,2.90086
-2.18892,2.91084
-2.19523,2.92137
-2.20126,2.93246
-2.20696,2.94412
-2.21228,2.95636
-2.21718,2.96922
-2.2216,2.9827
-2.22545,2.99681
-2.22866,3.01157
-2.23113,3.027
-2.23273,3.04308
-2.23333,3.05982
-2.23275,3.07719
-2.23079,3.09513
-2.2272,3.11356
-2.22171,3.13229
-2.21398,3.15108
-2.20369,3.16949
-2.19056,3.18692
-2.17449,3.20252
-2.15571,3.2153
-2.13497,3.22433
-2.11343,3.2291
-2.09233,3.22971
-2.07266,3.22676
-2.05499,3.22108
-2.0395,3.21346
-2.02618,3.20455
-2.01488,3.19483
-2.00541,3.18465
-1.99758,3.17428
-1.99122,3.16389
-1.98616,3.1536
-1.98226,3.1435
-1.9794,3.13366
-1.97747,3.12411
-1.97638,3.1149
-1.97605,3.10604
-1.97641,3.09754
-1.9774,3.08942
-1.97896,3.08168
-1.98105,3.07433
-1.98362,3.06737
-1.98664,3.0608
-1.99007,3.05461
-1.99388,3.04882
-1.99804,3.04342
-2.00253,3.0384
-2.00733,3.03377
-2.01241,3.02953
-2.01776,3.02567
-2.02335,3.02219
-2.02917,3.01909
-2.0352,3.01637
-2.04144,3.01404
-2.04786,3.01208
-2.05444,3.0105
-2.06119,3.0093
-2.06809,3.00849
-2.07511,3.00805
-2.08227,3.00799
-2.08953,3.00832
-2.0969,3.00904
-2.10436,3.01014
-2.11189,3.01163
-2.1195,3.01352
-2.12717,3.0158
-2.13489,3.01848
-2.14264,3.02157
-2.15042,3.02507
-2.15822,3.02898
-2.16602,3.03331
-2.17381,3.03807
-2.18158,3.04326
-2.18932,3.04889
-2.19701,3.05497
-2.20463,3.06151
-2.21217,3.06852
-2.21961,3.076
-2.22694,3.08398
-2.23412,3.09245
-2.24114,3.10144
-2.24797,3.11095
-2.25458,3.12101
-2.26093,3.13162
-2.26699,3.1428
-2.27272,3.15458
-2.27807,3.16696
-2.28298,3.17998
-2.28738,3.19363
-2.2912,3.20794
-2.29435,3.22293
-2.29671,3.2386
-2.29815,3.25496
-2.29853,3.27199
-2.29765,3.28966
-2.29528,3.3079
-2.29116,3.32659
-2.28498,3.34553
-2.27639,3.3644
-2.26507,3.38268
-2.25079,3.39966
-2.23357,3.41439
-2.21387,3.42586
-2.19265,3.43329
-2.17116,3.43644
-2.15056,3.43566
-2.13165,3.43169
-2.1148,3.42535
-2.10011,3.41736
-2.08749,3.40828
-2.07679,3.39854
-2.06781,3.38845
-2.06037,3.37821
-2.05432,3.36798
-2.0495,3.35787
-2.04578,3.34796
-2.04305,3.33831
-2.04121,3.32894
-2.04018,3.3199
-2.03988,3.3112
-2.04024,3.30285
-2.04122,3.29486
-2.04276,3.28725
-2.04481,3.28001
-2.04733,3.27315
-2.05029,3.26667
-2.05366,3.26056
-2.05741,3.25484
-2.0615,3.24949
-2.06593,3.24453
-2.07065,3.23994
-2.07566,3.23572
-2.08094,3.23189
-2.08646,3.22843
-2.09222,3.22534
-2.09819,3.22263
-2.10436,3.22029
-2.11072,3.21833
-2.11725,3.21674
-2.12395,3.21553
-2.13079,3.2147
-2.13778,3.21424
-2.14489,3.21417
-2.15212,3.21447
-2.15946,3.21516
-2.1669,3.21623
-2.17442,3.2177
-2.18201,3.21956
-2.18967,3.22181
-2.19738,3.22447
-2.20514,3.22753
-2.21293,3.23101
-2.22074,3.2349
-2.22856,3.23921
-2.23637,3.24395
-2.24417,3.24914
-2.25194,3.25476
-2.25967,3.26085
-2.26733,3.26739
-2.27492,3.27442
-2.28241,3.28192
-2.28978,3.28993
-2.29701,3.29844
-2.30409,3.30748
-2.31097,3.31706
-2.31763,3.3272
-2.32403,3.33791
-2.33014,3.34921
-2.3359,3.36111
-2.34127,3.37365
-2.34619,3.38683
-2.35058,3.40068
-2.35436,3.41521
-2.35743,3.43044
-2.35967,3.44638
-2.36095,3.46302
-2.36107,3.48036
-2.35985,3.49834
-2.35703,3.51688
-2.35231,3.53584
-2.34536,3.55496
-2.33583,3.57384
-2.3234,3.59188
-2.30793,3.60823
-2.28963,3.62189
-2.26917,3.6319
-2.24771,3.63769
-2.22648,3.63931
-2.20651,3.63731
-2.1884,3.63249
-2.17237,3.62562
-2.15843,3.61736
-2.14646,3.60819
-2.1363,3.59847
-2.12777,3.58848
-2.12069,3.57839
-2.11492,3.56833
-2.11031,3.55841
-2.10676,3.54869
-2.10415,3.53922
-2.10239,3.53003
-2.10141,3.52115
