0,0
0.005,0.005025062604166667
0.01,0.01010050167057943
0.015,0.01522669596884005
0.02,0.02040402680000429
0.025,0.0256328780124432
0.03,0.03091363601779967
0.035,0.03624668980704102
0.04,0.04163243096660812
0.045,0.04707125369466157
0.05,0.05256355481742555
0.05499999999999999,0.05810973380562988
0.05999999999999999,0.0637101927910509
0.06499999999999999,0.06936533658315175
0.06999999999999999,0.07507557268582254
0.075,0.08084131131422116
0.08,0.08666296541171511
0.08500000000000001,0.09254095066692516
0.09000000000000001,0.09847568553087126
0.09500000000000001,0.1044675912342213
0.1,0.1105170918046437
0.105,0.1166246140842635
0.11,0.122790587747224
0.115,0.1290154453173529
0.12,0.135299622185935
0.125,0.1416435566295912
0.13,0.1480476898282648
0.135,0.1545124658833155
0.14,0.161038331835722
0.145,0.1676257376843935
0.15,0.174275136404591
0.1550000000000001,0.1809869839664591
0.1600000000000001,0.1877617393536685
0.1650000000000001,0.1945998645821704
0.1700000000000001,0.2015018247190631
0.1750000000000001,0.2084680879015716
0.1800000000000001,0.2154991253561406
0.1850000000000001,0.2225954114176422
0.1900000000000001,0.2297574235486979
0.1950000000000001,0.236985642359117
0.2000000000000001,0.2442805516254508
0.2050000000000001,0.2516426383106633
0.2100000000000001,0.2590723925839208
0.2150000000000001,0.2665703078404987
0.2200000000000001,0.2741368807218075
0.2250000000000001,0.2817726111355394
0.2300000000000001,0.2894780022759336
0.2350000000000001,0.2972535606441648
0.2400000000000001,0.3050997960688516
0.2450000000000001,0.3130172217266886
0.2500000000000001,0.3210063541632012
0.2550000000000001,0.3290677133136249
0.2600000000000001,0.3372018225239083
0.2650000000000001,0.3454092085718427
0.2700000000000001,0.3536904016883166
0.2750000000000001,0.3620459355786982
0.2800000000000001,0.3704763474443445
0.2850000000000001,0.3789821780042396
0.2900000000000001,0.3875639715167614
0.2950000000000002,0.3962222758015785
0.3000000000000002,0.4049576422616776
0.3050000000000002,0.4137706259055222
0.3100000000000002,0.4226617853693435
0.3150000000000002,0.4316316829395643
0.3200000000000002,0.4406808845753559
0.3250000000000002,0.4498099599313305
0.3300000000000002,0.4590194823803677
0.3350000000000002,0.4683100290365779
0.3400000000000002,0.4776821807784019
0.3450000000000002,0.4871365222718481
0.3500000000000002,0.4966736419938687
0.3550000000000002,0.5062941322558742
0.3600000000000002,0.5159985892273885
0.3650000000000002,0.5257876129598447
0.3700000000000002,0.5356618074105221
0.3750000000000002,0.5456217804666261
0.3800000000000002,0.5556681439695117
0.3850000000000002,0.5658015137390497
0.3900000000000002,0.5760225095981396
0.3950000000000002,0.5863317553973668
0.4000000000000002,0.5967298790398077
0.4050000000000002,0.6072175125059809
0.4100000000000003,0.6177952918789479
0.4150000000000003,0.6284638573695626
0.4200000000000003,0.6392238533418702
0.4250000000000003,0.6500759283386582
0.4300000000000003,0.6610207351071584
0.4350000000000003,0.6720589306249015
0.4400000000000003,0.6831911761257259
0.4450000000000003,0.6944181371259401
0.4500000000000003,0.7057404834506416
0.4550000000000003,0.7171588892601904
0.4600000000000003,0.7286740330768416
0.4650000000000003,0.7402865978115343
0.4700000000000003,0.7519972707908403
0.4750000000000003,0.7638067437840732
0.4800000000000003,0.7757157130305571
0.4850000000000003,0.787724879267058
0.4900000000000003,0.7998349477553774
0.4950000000000003,0.81204662831011
0.5000000000000003,0.8243606353265652
0.5050000000000003,0.8367776878088551
0.5100000000000003,0.8492985093981482
0.5150000000000003,0.8619238284010909
0.5200000000000004,0.8746543778183976
0.5250000000000004,0.8874908953736094
0.5300000000000004,0.9004341235420242
0.5350000000000004,0.9134848095797978
0.5400000000000004,0.9266437055532167
0.5450000000000004,0.9399115683681452
0.5500000000000004,0.953289159799646
0.5550000000000004,0.9667772465217774
0.5600000000000004,0.9803766001375652
0.5650000000000004,0.9940879972091533
0.5700000000000004,1.007912219288132
0.5750000000000004,1.021850052946046
0.5800000000000004,1.035902289805084
0.5850000000000004,1.050069726568946
0.5900000000000004,1.064353165053899
0.5950000000000004,1.078753412220011
0.6000000000000004,1.093271280202574
0.6050000000000004,1.107907586343708
0.6100000000000004,1.122663153224156
0.6150000000000004,1.137538808695266
0.6200000000000004,1.152535385911161
0.6250000000000004,1.167653723361097
0.6300000000000004,1.18289466490202
0.6350000000000005,1.198259059791303
0.6400000000000005,1.213747762719689
0.6450000000000005,1.229361633844422
0.6500000000000005,1.245101538822571
0.6550000000000005,1.260968348844559
0.6600000000000005,1.27696294066788
0.6650000000000005,1.293086196651026
0.6700000000000005,1.309339004787601
0.6750000000000005,1.325722258740653
0.6800000000000005,1.34223685787719
0.6850000000000005,1.358883707302915
0.6900000000000005,1.375663717897157
0.6950000000000005,1.392577806348012
0.7000000000000005,1.409626895187689
0.7050000000000005,1.426811912828065
0.7100000000000005,1.444133793596454
0.7150000000000005,1.461593477771574
0.7200000000000005,1.479191911619746
0.7250000000000005,1.496930047431285
0.7300000000000005,1.514808843557122
0.7350000000000005,1.532829264445633
0.7400000000000005,1.550992280679687
0.7450000000000006,1.569298869013914
0.7500000000000006,1.587750012412187
0.7550000000000006,1.606346700085336
0.7600000000000006,1.625089927529066
0.7650000000000006,1.643980696562121
0.7700000000000006,1.66302001536465
0.7750000000000006,1.682208898516816
0.7800000000000006,1.701548367037622
0.7850000000000006,1.721039448423971
0.7900000000000006,1.740683176689952
0.7950000000000006,1.760480592406362
0.8000000000000006,1.780432742740451
0.8050000000000006,1.800540681495915
0.8100000000000006,1.820805469153111
0.8150000000000006,1.841228172909513
0.8200000000000006,1.86180986672041
0.8250000000000006,1.882551631339839
0.8300000000000006,1.903454554361754
0.8350000000000006,1.924519730261452
0.8400000000000006,1.945748260437221
0.8450000000000006,1.967141253252253
0.8500000000000006,1.988699824076793
0.8550000000000006,2.010425095330531
0.8600000000000007,2.032318196525256
0.8650000000000007,2.054380264307751
0.8700000000000007,2.07661244250294
0.8750000000000007,2.099015882157294
0.8800000000000007,2.121591741582486
0.8850000000000007,2.144341186399304
0.8900000000000007,2.167265389581825
0.8950000000000007,2.190365531501843
0.9000000000000007,2.21364279997356
0.9050000000000007,2.237098390298542
0.9100000000000007,2.260733505310932
0.9150000000000007,2.284549355422933
0.9200000000000007,2.308547158670558
0.9250000000000007,2.332728140759649
0.9300000000000007,2.357093535112157
0.9350000000000007,2.381644582912708
0.9400000000000007,2.406382533155428
0.9450000000000007,2.43130864269105
0.9500000000000007,2.456424176274298
0.9550000000000007,2.481730406611543
0.9600000000000007,2.507228614408741
0.9650000000000007,2.532920088419654
0.9700000000000008,2.55880612549435
0.9750000000000008,2.584888030627989
0.9800000000000008,2.611167117009895
0.9850000000000008,2.637644706072911
0.9900000000000008,2.66432212754305
0.9950000000000008,2.691200719489431
1.000000000000001,2.718281828374509
1.005000000000001,2.745566809104601
1.01,2.773057025080702
1.015,2.800753848249607
1.02,2.828658659155322
1.025,2.856772846990784
1.03,2.885097809649879
1.035,2.913634953779766
1.04,2.942385694833506
1.045,2.971351457122999
1.05,3.00053367387223
1.054999999999999,3.029933787270828
1.059999999999999,3.059553248527934
1.064999999999999,3.089393517926391
1.069999999999999,3.119456064877242
1.074999999999999,3.14974236797455
1.079999999999999,3.180253915050543
1.084999999999999,3.210992203231074
1.089999999999999,3.241958738991406
1.094999999999999,3.273155038212328
1.099999999999999,3.304582626236593
1.104999999999998,3.336243037925688
1.109999999999998,3.368137817716933
1.114999999999998,3.400268519680919
1.119999999999998,3.432636707579274
1.124999999999998,3.465243954922773
1.129999999999998,3.498091845029778
1.134999999999998,3.531181971085031
1.139999999999998,3.564515936198776
1.144999999999998,3.598095353466243
1.149999999999997,3.631921846027458
1.154999999999997,3.665997047127422
1.159999999999997,3.700322600176627
1.164999999999997,3.734900158811931
1.169999999999997,3.769731386957786
1.174999999999997,3.804817958887824
1.179999999999997,3.840161559286801
1.184999999999997,3.875763883312902
1.189999999999997,3.911626636660408
1.194999999999997,3.947751535622733
1.199999999999996,3.984140307155821
1.204999999999996,4.020794688941916
1.209999999999996,4.057716429453707
1.214999999999996,4.094907288018838
1.219999999999996,4.1323690348848
1.224999999999996,4.1701034512842
1.229999999999996,4.20811232950041
1.234999999999996,4.246397472933594
1.239999999999996,4.284960696167125
1.244999999999995,4.323803825034386
1.249999999999995,4.362928696685961
1.254999999999995,4.402337159657209
1.259999999999995,4.442031073936247
1.264999999999995,4.482012311032315
1.269999999999995,4.522282754044538
1.274999999999995,4.562844297731105
1.279999999999995,4.603698848578823
1.284999999999995,4.644848324873103
1.289999999999994,4.686294656768334
1.294999999999994,4.728039786358674
1.299999999999994,4.770085667749249
1.304999999999994,4.81243426712777
1.309999999999994,4.855087562836564
1.314999999999994,4.898047545445021
1.319999999999994,4.941316217822465
1.324999999999994,4.984895595211452
1.329999999999994,5.028787705301479
1.334999999999994,5.072994588303144
1.339999999999993,5.117518297022714
1.344999999999993,5.162360896937142
1.349999999999993,5.207524466269511
1.354999999999993,5.25301109606492
1.359999999999993,5.298822890266808
1.364999999999993,5.344961965793722
1.369999999999993,5.391430452616532
1.374999999999993,5.438230493836091
1.379999999999993,5.485364245761351
1.384999999999992,5.532833877987922
1.389999999999992,5.580641573477099
1.394999999999992,5.62878952863534
1.399999999999992,5.677279953394208
1.404999999999992,5.726115071290769
1.409999999999992,5.775297119548471
1.414999999999992,5.824828349158477
1.419999999999992,5.874711024961481
1.424999999999992,5.924947425729989
1.429999999999992,5.97553984425108
1.434999999999991,6.026490587409654
1.439999999999991,6.07780197627215
1.444999999999991,6.129476346170758
1.449999999999991,6.181516046788116
1.454999999999991,6.233923442242497
1.459999999999991,6.286700911173489
1.464999999999991,6.339850846828177
1.469999999999991,6.393375657147813
1.474999999999991,6.447277764855002
1.47999999999999,6.501559607541378
1.48499999999999,6.5562236377558
1.48999999999999,6.611272323093051
1.49499999999999,6.666708146283051
1.49999999999999,6.722533605280596
1.50499999999999,6.778751213355597
1.50999999999999,6.835363499183863
1.51499999999999,6.892373006938393
1.51999999999999,6.949782296381203
1.524999999999989,7.007593942955685
1.529999999999989,7.065810537879497
1.534999999999989,7.124434688237994
1.539999999999989,7.183469017078192
1.544999999999989,7.242916163503285
1.549999999999989,7.302778782767703
1.554999999999989,7.36305954637272
1.559999999999989,7.423761142162614
1.564999999999989,7.484886274421385
1.569999999999989,7.546437663970029
1.574999999999988,7.60841804826438
1.579999999999988,7.67083018149351
1.584999999999988,7.733676834678701
1.589999999999988,7.796960795772989
1.594999999999988,7.860684869761283
1.599999999999988,7.924851878761063
1.604999999999988,7.989464662123656
1.609999999999988,8.054526076536101
1.614999999999988,8.120038996123601
1.619999999999987,8.186006312552561
1.624999999999987,8.252430935134234
1.629999999999987,8.319315790928952
1.634999999999987,8.386663824850965
1.639999999999987,8.454477999773882
1.644999999999987,8.522761296636727
1.649999999999987,8.591516714550593
1.654999999999987,8.660747270905935
1.659999999999987,8.730456001480453
1.664999999999986,8.800645960547621
1.669999999999986,8.871320220985828
1.674999999999986,8.942481874388157
1.679999999999986,9.014134031172791
1.684999999999986,9.08627982069406
1.689999999999986,9.158922391354123
1.694999999999986,9.232064910715302
1.699999999999986,9.305710565613051
1.704999999999986,9.379862562269594
1.709999999999986,9.454524126408199
1.714999999999985,9.529698503368124
1.719999999999985,9.605388958220219
1.724999999999985,9.681598775883195
1.729999999999985,9.758331261240567
1.734999999999985,9.835589739258262
1.739999999999985,9.913377555102914
1.744999999999985,9.991698074260832
1.749999999999985,10.07055468265766
1.754999999999985,10.14995078677873
1.759999999999984,10.22988981379009
1.764999999999984,10.31037521166022
1.769999999999984,10.39141044928254
1.774999999999984,10.47299901659845
1.779999999999984,10.55514442472128
1.784999999999984,10.63785020606077
1.789999999999984,10.72111991444842
1.794999999999984,10.80495712526343
1.799999999999984,10.88936543555947
1.804999999999984,10.97434846419209
1.809999999999983,11.05990985194698
1.814999999999983,11.14605326166881
1.819999999999983,11.23278237839096
1.824999999999983,11.32010090946589
1.829999999999983,11.40801258469634
1.834999999999983,11.49652115646721
1.839999999999983,11.58563039987827
1.844999999999983,11.67534411287755
1.849999999999983,11.76566611639561
1.854999999999982,11.85660025448045
1.859999999999982,11.94815039443331
1.864999999999982,12.04032042694517
1.869999999999982,12.13311426623407
1.874999999999982,12.22653585018323
1.879999999999982,12.32058914047996
1.884999999999982,12.41527812275531
1.889999999999982,12.51060680672459
1.894999999999982,12.60657922632872
1.899999999999981,12.70319943987625
1.904999999999981,12.8004715301864
1.909999999999981,12.89839960473275
1.914999999999981,12.9969877957878
1.919999999999981,13.09624026056846
1.924999999999981,13.19616118138221
1.929999999999981,13.29675476577424
1.934999999999981,13.39802524667532
1.939999999999981,13.49997688255065
1.944999999999981,13.60261395754942
1.94999999999998,13.70594078165534
1.95499999999998,13.80996169083798
1.95999999999998,13.91468104720498
1.96499999999998,14.02010323915515
1.96999999999998,14.12623268153244
1.97499999999998,14.23307381578081
1.97999999999998,14.34063111009993
1.98499999999998,14.44890905960185
1.98999999999998,14.55791218646854
1.994999999999979,14.66764504011029
1.999999999999979,14.77811219732506
2.004999999999979,14.88931826245878
2.009999999999979,15.00126786756647
2.014999999999979,15.11396567257436
2.019999999999979,15.22741636544296
2.024999999999979,15.34162466233093
2.029999999999979,15.45659530776008
2.034999999999979,15.57233307478115
2.039999999999979,15.68884276514061
2.044999999999979,15.80612920944847
2.049999999999979,15.92419726734692
2.054999999999978,16.04305182768006
2.059999999999978,16.16269780866449
2.064999999999978,16.28314015806103
2.069999999999978,16.40438385334723
2.074999999999978,16.52643390189105
2.079999999999978,16.64929534112537
2.084999999999978,16.77297323872367
2.089999999999978,16.89747269277655
2.094999999999978,17.02279883196938
2.099999999999977,17.1489568157609
2.104999999999977,17.2759518345629
2.109999999999977,17.40378910992082
2.114999999999977,17.53247389469552
2.119999999999977,17.66201147324604
2.124999999999977,17.79240716161329
2.129999999999977,17.92366630770502
2.134999999999977,18.05579429148161
2.139999999999977,18.1887965251431
2.144999999999976,18.3226784533172
2.149999999999976,18.45744555324837
2.154999999999976,18.59310333498805
2.159999999999976,18.7296573415859
2.164999999999976,18.86711314928218
2.169999999999976,19.00547636770122
2.174999999999976,19.14475264004599
2.179999999999976,19.28494764329375
2.184999999999976,19.42606708839291
2.189999999999976,19.56811672046093
2.194999999999975,19.71110231898335
2.199999999999975,19.85502969801401
2.204999999999975,19.99990470637641
2.209999999999975,20.14573322786613
2.214999999999975,20.29252118145454
2.219999999999975,20.44027452149358
2.224999999999975,20.58899923792172
2.229999999999975,20.73870135647113
2.234999999999975,20.88938693887602
2.239999999999974,21.04106208308215
2.244999999999974,21.19373292345753
2.249999999999974,21.34740563100439
2.254999999999974,21.50208641357228
2.259999999999974,21.65778151607241
2.264999999999974,21.81449722069325
2.269999999999974,21.97223984711729
2.274999999999974,22.13101575273912
2.279999999999974,22.29083133288469
2.284999999999973,22.45169302103181
2.289999999999973,22.61360728903202
2.294999999999973,22.77658064733356
2.299999999999973,22.94061964520574
2.304999999999973,23.10573087096455
2.309999999999973,23.27192095219952
2.314999999999973,23.43919655600194
2.319999999999973,23.60756438919433
2.324999999999973,23.77703119856122
2.329999999999973,23.94760377108128
2.334999999999972,24.11928893416076
2.339999999999972,24.29209355586821
2.344999999999972,24.46602454517065
2.349999999999972,24.64108885217094
2.354999999999972,24.81729346834663
2.359999999999972,24.99464542679009
2.364999999999972,25.17315180245008
2.369999999999972,25.35281971237459
2.374999999999972,25.53365631595516
2.379999999999971,25.71566881517259
2.384999999999971,25.89886445484395
2.389999999999971,26.0832505228711
2.394999999999971,26.2688343504906
2.399999999999971,26.45562331252499
2.404999999999971,26.6436248276356
2.409999999999971,26.83284635857667
2.414999999999971,27.02329541245105
2.419999999999971,27.21497954096726
2.424999999999971,27.40790634069805
2.42999999999997,27.60208345334041
2.43499999999997,27.79751856597712
2.43999999999997,27.99421941133971
2.44499999999997,28.19219376807294
2.44999999999997,28.39144946100083
2.45499999999997,28.59199436139413
2.45999999999997,28.79383638723939
2.46499999999997,28.99698350350949
2.46999999999997,29.20144372243573
2.474999999999969,29.4072251037815
2.479999999999969,29.61433575511747
2.484999999999969,29.82278383209836
2.489999999999969,30.03257753874126
2.494999999999969,30.24372512770559
2.499999999999969,30.45623490057457
2.504999999999969,30.67011520813835
2.509999999999969,30.88537445067873
2.514999999999969,31.10202107825552
2.519999999999968,31.32006359099446
2.524999999999968,31.53951053937687
2.529999999999968,31.76037052453087
2.534999999999968,31.98265219852428
2.539999999999968,32.20636426465921
2.544999999999968,32.43151547776828
2.549999999999968,32.65811464451254
2.554999999999968,32.88617062368112
2.559999999999968,33.11569232649246
2.564999999999968,33.34668871689745
2.569999999999967,33.5791688118841
2.574999999999967,33.81314168178401
2.579999999999967,34.04861645058065
2.584999999999967,34.28560229621928
2.589999999999967,34.52410845091867
2.594999999999967,34.76414420148463
2.599999999999967,35.00571888962525
2.604999999999967,35.24884191226798
2.609999999999967,35.49352272187851
2.614999999999966,35.7397708267814
2.619999999999966,35.9875957914826
2.624999999999966,36.23700723699378
2.629999999999966,36.48801484115844
2.634999999999966,36.74062833897999
2.639999999999966,36.99485752295156
2.644999999999966,37.2507122433878
2.649999999999966,37.50820240875842
2.654999999999966,37.76733798602381
2.659999999999966,38.02812900097237
2.664999999999965,38.29058553855987
2.669999999999965,38.55471774325073
2.674999999999965,38.82053581936116
2.679999999999965,39.08805003140432
2.684999999999965,39.35727070443743
2.689999999999965,39.62820822441076
2.694999999999965,39.90087303851876
2.699999999999965,40.175275655553
2.704999999999965,40.45142664625725
2.709999999999964,40.72933664368446
2.714999999999964,41.00901634355589
2.719999999999964,41.29047650462215
2.724999999999964,41.57372794902634
2.729999999999964,41.85878156266928
2.734999999999964,42.14564829557673
2.739999999999964,42.43433916226878
2.744999999999964,42.72486524213125
2.749999999999964,43.01723767978922
2.754999999999963,43.31146768548271
2.759999999999963,43.60756653544446
2.764999999999963,43.90554557227983
2.769999999999963,44.20541620534888
2.774999999999963,44.5071899111506
2.779999999999963,44.81087823370929
2.784999999999963,45.11649278496321
2.789999999999963,45.42404524515534
2.794999999999963,45.73354736322636
2.799999999999963,46.0450109572099
2.804999999999962,46.35844791463004
2.809999999999962,46.67387019290094
2.814999999999962,46.9912898197289
2.819999999999962,47.31071889351652
2.824999999999962,47.63216958376933
2.829999999999962,47.95565413150452
2.834999999999962,48.28118484966219
2.839999999999962,48.60877412351871
2.844999999999962,48.93843441110263
2.849999999999961,49.27017824361275
2.854999999999961,49.60401822583873
2.859999999999961,49.93996703658391
2.864999999999961,50.27803742909064
2.869999999999961,50.61824223146798
2.874999999999961,50.9605943471218
2.879999999999961,51.30510675518732
2.884999999999961,51.6517925109641
2.889999999999961,52.00066474635349
2.89499999999996,52.35173667029854
2.89999999999996,52.70502156922641
2.90499999999996,53.06053280749327
2.90999999999996,53.41828382783171
2.91499999999996,53.77828815180069
2.91999999999996,54.140559380238
2.92499999999996,54.50511119371534
2.92999999999996,54.87195735299591
2.93499999999996,55.24111169949459
2.93999999999996,55.61258815574075
2.944999999999959,55.98640072584366
2.949999999999959,56.3625634959605
2.954999999999959,56.74109063476705
2.959999999999959,57.12199639393104
2.964999999999959,57.50529510858811
2.969999999999959,57.89100119782056
2.974999999999959,58.27912916513867
2.979999999999959,58.66969359896488
2.984999999999959,59.06270917312059
2.989999999999958,59.45819064731576
2.994999999999958,59.85615286764127
2.999999999999958,60.25661076706403
3.004999999999958,60.65957936592493
3.009999999999958,61.06507377243953
3.014999999999958,61.47310918320167
3.019999999999958,61.88370088368981
3.024999999999958,62.29686424877633
3.029999999999958,62.71261474323961
3.034999999999958,63.1309679222791
3.039999999999957,63.55193943203317
3.044999999999957,63.97554501009999
3.049999999999957,64.40180048606129
3.054999999999957,64.83072178200911
3.059999999999957,65.26232491307545
3.064999999999957,65.69662598796498
3.069999999999957,66.13364120949072
3.074999999999957,66.57338687511275
3.079999999999957,67.01587937747992
3.084999999999956,67.4611352049747
3.089999999999956,67.90917094226096
3.094999999999956,68.36000327083499
3.099999999999956,68.81364896957955
3.104999999999956,69.27012491532096
3.109999999999956,69.72944808338954
3.114999999999956,70.19163554818297
3.119999999999956,70.65670448373299
3.124999999999956,71.12467216427524
3.129999999999955,71.59555596482227
3.134999999999955,72.06937336173982
3.139999999999955,72.54614193332637
3.144999999999955,73.02587936039586
3.149999999999955,73.50860342686383
3.154999999999955,73.9943320203367
3.159999999999955,74.48308313270451
3.164999999999955,74.97487486073689
3.169999999999955,75.46972540668247
3.174999999999955,75.96765307887158
3.179999999999954,76.46867629232241
3.184999999999954,76.97281356935058
3.189999999999954,77.48008354018205
3.194999999999954,77.99050494356962
3.199999999999954,78.50409662741278
3.204999999999954,79.02087754938111
3.209999999999954,79.54086677754117
3.214999999999954,80.06408349098689
3.219999999999954,80.59054698047356
3.224999999999953,81.12027664905536
3.229999999999953,81.65329201272644
3.234999999999953,82.18961270106568
3.239999999999953,82.72925845788504
3.244999999999953,83.27224914188147
3.249999999999953,83.81860472729268
3.254999999999953,84.3683453045564
3.259999999999953,84.92149108097345
3.264999999999953,85.47806238137457
3.269999999999953,86.03807964879086
3.274999999999952,86.60156344512814
3.279999999999952,87.16853445184499
3.284999999999952,87.73901347063472
3.289999999999952,88.31302142411099
3.294999999999952,88.89057935649747
3.299999999999952,89.4717084343213
3.304999999999952,90.05642994711039
3.309999999999952,90.64476530809473
3.314999999999952,91.23673605491162
3.319999999999951,91.83236385031478
3.324999999999951,92.43167048288754
3.329999999999951,93.03467786776004
3.334999999999951,93.64140804733036
3.339999999999951,94.25188319198979
3.344999999999951,94.86612560085214
3.349999999999951,95.48415770248717
3.354999999999951,96.10600205565807
3.359999999999951,96.73168135006317
3.36499999999995,97.36121840708175
3.36999999999995,97.9946361805241
3.37499999999995,98.63195775738566
3.37999999999995,99.27320635860562
3.38499999999995,99.91840533982952
3.38999999999995,100.5675781921763
3.39499999999995,101.2207485430096
3.39999999999995,101.8779401567134
3.40499999999995,102.5391769354722
3.40999999999995,103.2044829200548
3.414999999999949,103.8738822906037
3.419999999999949,104.5473993674282
3.424999999999949,105.2250586118017
3.429999999999949,105.9068846267639
3.434999999999949,106.5929021579279
3.439999999999949,107.2831360942905
3.444999999999949,107.9776114690488
3.449999999999949,108.6763534604197
3.454999999999949,109.3793873924653
3.459999999999948,110.0867387359221
3.464999999999948,110.7984331090351
3.469999999999948,111.5144962783969
3.474999999999948,112.234954159791
3.479999999999948,112.9598328190402
3.484999999999948,113.6891584728592
3.489999999999948,114.4229574897132
3.494999999999948,115.1612563906795
3.499999999999948,115.9040818503158
3.504999999999947,116.6514606975319
3.509999999999947,117.4034199164672
3.514999999999947,118.1599866473726
3.519999999999947,118.9211881874978
3.524999999999947,119.6870519919831
3.529999999999947,120.4576056747562
3.534999999999947,121.2328770094348
3.539999999999947,122.0128939302333
3.544999999999947,122.797684532875
3.549999999999947,123.5872770755092
3.554999999999946,124.3816999796343
3.559999999999946,125.1809818310245
3.564999999999946,125.9851513806631
3.569999999999946,126.7942375456804
3.574999999999946,127.6082694102971
3.579999999999946,128.4272762267722
3.584999999999946,129.2512874163579
3.589999999999946,130.0803325702578
3.594999999999946,130.9144414505919
3.599999999999945,131.7536439913667
3.604999999999945,132.5979702994501
3.609999999999945,133.4474506555528
3.614999999999945,134.3021155152141
3.619999999999945,135.1619955097942
3.624999999999945,136.0271214474714
3.629999999999945,136.8975243142451
3.634999999999945,137.7732352749443
3.639999999999945,138.6542856742419
3.644999999999945,139.540707037675
3.649999999999944,140.4325310726699
3.654999999999944,141.3297896695736
3.659999999999944,142.2325149026913
3.664999999999944,143.1407390313292
3.669999999999944,144.0544945008428
3.674999999999944,144.9738139436921
3.679999999999944,145.898730180502
3.684999999999944,146.8292762211284
3.689999999999944,147.7654852657312
3.694999999999943,148.7073907058521
3.699999999999943,149.6550261254996
3.704999999999943,150.6084253022392
3.709999999999943,151.5676222082901
3.714999999999943,152.5326510116277
3.719999999999943,153.5035460770929
3.724999999999943,154.4803419675072
3.729999999999943,155.4630734447934
3.734999999999943,156.451775471104
3.739999999999942,157.4464832099546
3.744999999999942,158.4472320273644
3.749999999999942,159.4540574930024
3.754999999999942,160.4669953813411
3.759999999999942,161.4860816728154
3.764999999999942,162.5113525549887
3.769999999999942,163.5428444237252
3.774999999999942,164.5805938843693
3.779999999999942,165.6246377529309
3.784999999999942,166.6750130572777
3.789999999999941,167.7317570383337
3.794999999999941,168.7949071512855
3.799999999999941,169.8645010667938
3.804999999999941,170.9405766722133
3.809999999999941,172.0231720728176
3.814999999999941,173.1123255930329
3.819999999999941,174.2080757776767
3.824999999999941,175.310461393205
3.829999999999941,176.4195214289657
3.83499999999994,177.5352950984584
3.83999999999994,178.657821840603
3.84499999999994,179.7871413210134
3.84999999999994,180.9232934332795
3.85499999999994,182.0663183002562
3.85999999999994,183.2162562753592
3.86499999999994,184.3731479438685
3.86999999999994,185.5370341242389
3.87499999999994,186.7079558694176
3.879999999999939,187.8859544681699
3.884999999999939,189.0710714464115
3.889999999999939,190.2633485685484
3.894999999999939,191.4628278388248
3.899999999999939,192.6695515026781
3.904999999999939,193.8835620481012
3.909999999999939,195.1049022070127
3.914999999999939,196.3336149566353
3.919999999999939,197.5697435208806
3.924999999999939,198.8133313717429
3.929999999999938,200.0644222306998
3.934999999999938,201.3230600701214
3.939999999999938,202.5892891146868
3.944999999999938,203.8631538428087
3.949999999999938,205.1446989880659
3.954999999999938,206.4339695406438
3.959999999999938,207.7310107487832
3.964999999999938,209.0358681202365
3.969999999999938,210.3485874237328
3.974999999999937,211.6692146904506
3.979999999999937,212.9977962154991
3.984999999999937,214.3343785594071
3.989999999999937,215.6790085496213
3.994999999999937,217.031733282012
3.999999999999937,218.3926001223874
4.004999999999937,219.7616567080165
4.009999999999937,221.1389509491607
4.014999999999937,222.5245310306132
4.019999999999937,223.9184454132478
4.024999999999936,225.3207428355756
4.029999999999936,226.7314723153113
4.034999999999936,228.1506831509469
4.039999999999936,229.5784249233357
4.044999999999936,231.0147474972838
4.049999999999936,232.4597010231509
4.054999999999936,233.9133359384608
4.059999999999936,235.3757029695195
4.064999999999936,236.8468531330434
4.069999999999935,238.3268377377958
4.074999999999935,239.8157083862332
4.079999999999935,241.3135169761605
4.084999999999935,242.8203157023949
4.089999999999935,244.3361570584398
4.094999999999935,245.8610938381678
4.099999999999935,247.395179137513
4.104999999999935,248.9384663561723
4.109999999999935,250.4910091993172
4.114999999999934,252.0528616793139
4.119999999999934,253.6240781174542
4.124999999999934,255.2047131456949
4.129999999999934,256.7948217084077
4.134999999999934,258.3944590641381
4.139999999999934,260.0036807873751
4.144999999999934,261.6225427703299
4.149999999999934,263.2511012247244
4.154999999999934,264.8894126835908
4.159999999999934,266.5375340030793
4.164999999999933,268.1955223642781
4.169999999999933,269.8634352750417
4.174999999999933,271.54133057183
4.179999999999933,273.2292664215583
4.184999999999933,274.9273013234561
4.189999999999933,276.6354941109379
4.194999999999933,278.3539039534832
4.199999999999933,280.0825903585272
4.204999999999933,281.8216131733627
4.209999999999932,283.5710325870514
4.214999999999932,285.330909132347
4.219999999999932,287.1013036876281
4.224999999999932,288.8822774788425
4.229999999999932,290.6738920814618
4.234999999999932,292.4762094224469
4.239999999999932,294.289291782225
4.244999999999932,296.1132017966768
4.249999999999932,297.9480024591356
4.254999999999932,299.7937571223964
4.259999999999931,301.6505295007372
4.264999999999931,303.518383671951
4.269999999999931,305.3973840793894
4.274999999999931,307.2875955340169
4.279999999999931,309.1890832164776
4.284999999999931,311.1019126791725
4.289999999999931,313.0261498483489
4.294999999999931,314.9618610262011
4.299999999999931,316.9091128929827
4.30499999999993,318.8679725091312
4.30999999999993,320.8385073174036
4.31499999999993,322.8207851450244
4.31999999999993,324.8148742058456
4.32499999999993,326.820843102518
4.32999999999993,328.8387608286755
4.33499999999993,330.8686967711307
4.33999999999993,332.9107207120831
4.34499999999993,334.9649028313398
4.349999999999929,337.0313137085479
4.354999999999929,339.1100243254398
4.359999999999929,341.2011060680907
4.364999999999929,343.3046307291887
4.369999999999929,345.4206705103174
4.374999999999929,347.5492980242516
4.379999999999929,349.6905862972653
4.384999999999929,351.8446087714524
4.389999999999929,354.0114393070608
4.394999999999929,356.1911521848386
4.399999999999928,358.383822108395
4.404999999999928,360.5895242065717
4.409999999999928,362.8083340358302
4.414999999999928,365.0403275826502
4.419999999999928,367.2855812659428
4.424999999999928,369.5441719394758
4.429999999999928,371.8161768943137
4.434999999999928,374.1016738612704
4.439999999999928,376.4007410133755
4.444999999999927,378.713456968355
4.449999999999927,381.039900791125
4.454999999999927,383.3801519962993
4.459999999999927,385.7342905507115
4.464999999999927,388.1023968759507
4.469999999999927,390.4845518509106
4.474999999999927,392.8808368143542
4.479999999999927,395.2913335674914
4.484999999999927,397.7161243765716
4.489999999999926,400.1552919754903
4.494999999999926,402.6089195684104
4.499999999999926,405.077090832398
4.504999999999926,407.5598899200724
4.509999999999926,410.0574014622715
4.514999999999926,412.5697105707317
4.519999999999926,415.0969028407819
4.524999999999926,417.6390643540538
4.529999999999926,420.196281681206
4.534999999999926,422.768641884664
4.539999999999925,425.3562325213747
4.544999999999925,427.959141645577
4.549999999999925,430.5774578115869
4.554999999999925,433.2112700765985
4.559999999999925,435.8606680035004
4.564999999999925,438.5257416637079
4.569999999999925,441.2065816400104
4.574999999999925,443.9032790294351
4.579999999999925,446.6159254461261
4.584999999999924,449.3446130242401
4.589999999999924,452.0894344208572
4.594999999999924,454.8504828189085
4.599999999999924,457.62785193012
4.604999999999924,460.4216359979721
4.609999999999924,463.2319298006765
4.614999999999924,466.0588286541682
4.619999999999924,468.9024284151155
4.624999999999924,471.7628254839459
4.629999999999924,474.6401168078888
4.634999999999923,477.5343998840349
4.639999999999923,480.4457727624133
4.644999999999923,483.3743340490845
4.649999999999923,486.3201829092515
4.654999999999923,489.2834190703874
4.659999999999923,492.2641428253809
4.664999999999923,495.2624550356987
4.669999999999923,498.2784571345659
4.674999999999923,501.3122511301635
4.679999999999922,504.3639396088436
4.684999999999922,507.4336257383632
4.689999999999922,510.5214132711348
4.694999999999922,513.6274065474955
4.699999999999922,516.7517104989945
4.704999999999922,519.894430651698
4.709999999999922,523.0556731295131
4.714999999999922,526.2355446575297
4.719999999999922,529.4341525653808
4.724999999999921,532.6516047906223
4.729999999999921,535.8880098821296
4.734999999999921,539.143477003515
4.739999999999921,542.418115936563
4.744999999999921,545.7120370846844
4.749999999999921,549.0253514763901
4.754999999999921,552.3581707687839
4.759999999999921,555.7106072510741
4.764999999999921,559.0827738481054
4.769999999999921,562.4747841239098
4.77499999999992,565.8867522852769
4.77999999999992,569.3187931853447
4.78499999999992,572.7710223272094
4.78999999999992,576.2435558675556
4.79499999999992,579.7365106203067
4.79999999999992,583.2500040602951
4.80499999999992,586.7841543269527
4.80999999999992,590.3390802280225
4.81499999999992,593.9149012432891
4.819999999999919,597.5117375283323
4.824999999999919,601.1297099182988
4.829999999999919,604.7689399316962
4.834999999999919,608.4295497742082
4.839999999999919,612.1116623425299
4.844999999999919,615.8154012282248
4.849999999999919,619.5408907216032
4.854999999999919,623.2882558156218
4.859999999999919,627.057622209805
4.864999999999919,630.8491163141877
4.869999999999918,634.6628652532797
4.874999999999918,638.498996870053
4.879999999999918,642.3576397299496
4.884999999999918,646.2389231249124
4.889999999999918,650.1429770774383
4.894999999999918,654.0699323446536
4.899999999999918,658.0199204224114
4.904999999999918,661.9930735494124
4.909999999999918,665.9895247113482
4.914999999999917,670.0094076450667
4.919999999999917,674.0528568427623
4.924999999999917,678.1200075561868
4.929999999999917,682.2109958008859
4.934999999999917,686.3259583604574
4.939999999999917,690.4650327908338
4.944999999999917,694.6283574245879
4.949999999999917,698.8160713752629
4.954999999999917,703.0283145417261
4.959999999999916,707.2652276125459
4.964999999999916,711.5269520703941
4.969999999999916,715.8136301964719
4.974999999999916,720.1254050749601
4.979999999999916,724.4624205974947
4.984999999999916,728.8248214676659
4.989999999999916,733.2127532055432
4.994999999999916,737.6263621522248
4.999999999999916,742.0657954744122
