0,0
0.01,0.01010050166666667
0.02,0.02040402679208431
0.03,0.03091363600577635
0.04,0.04163243095038367
0.05,0.05256355479690045
0.06,0.06371019276612389
0.07000000000000001,0.0750755726563906
0.08,0.08666296537767344
0.09,0.09847568549211322
0.09999999999999999,0.1105170917610608
0.11,0.1227905876987059
0.12,0.1352996221323694
0.13,0.1480476897695376
0.14,0.161038331771717
0.15,0.17427513633519
0.16,0.1877617392787513
0.17,0.2015018246385075
0.18,0.2154991252698223
0.19,0.2297574234564904
0.2,0.2442805515272256
0.21,0.2590723924795472
0.2200000000000001,0.2741368806111524
0.2300000000000001,0.2894780021588619
0.2400000000000001,0.3050997959452257
0.2500000000000001,0.3210063540328814
0.2600000000000001,0.3372018223867524
0.2700000000000001,0.35369040154418
0.2800000000000001,0.3704763472930803
0.2900000000000001,0.3875639713582202
0.3000000000000001,0.4049576420957074
0.3100000000000001,0.4226617851957901
0.3200000000000001,0.4406808843940621
0.3300000000000001,0.4590194821911739
0.3400000000000001,0.4776821805811459
0.3500000000000001,0.4966736417883855
0.3600000000000002,0.5159985890135106
0.3700000000000002,0.535661807188079
0.3800000000000002,0.5556681437383303
0.3900000000000002,0.5760225093580438
0.4000000000000002,0.5967298787906186
0.4100000000000002,0.6177952916204835
0.4200000000000002,0.6392238530739457
0.4300000000000002,0.661020734829586
0.4400000000000002,0.6831911758383147
0.4500000000000002,0.7057404831531975
0.4600000000000002,0.7286740327691675
0.4700000000000003,0.7519972704727358
0.4800000000000003,0.7757157127018186
0.4900000000000003,0.799834947415798
0.5000000000000002,0.8243606349759346
0.5100000000000002,0.8492985090362528
0.5200000000000002,0.8746543774450204
0.5300000000000002,0.9004341231569447
0.5400000000000003,0.9266437051562106
0.5500000000000003,0.9532891593904858
0.5600000000000003,0.9803765997160194
0.5700000000000003,1.007912218853966
0.5800000000000003,1.035902289358058
0.5900000000000003,1.064353164593771
0.6000000000000003,1.093271279729098
0.6100000000000003,1.122663152737082
0.6200000000000003,1.152535385410234
0.6300000000000003,1.182894664386981
0.6400000000000003,1.213747762190276
0.6500000000000004,1.245101538278518
0.6600000000000004,1.276962940108916
0.6700000000000004,1.309339004213451
0.6800000000000004,1.342236857287574
0.6900000000000004,1.375663717291792
0.7000000000000004,1.409626894566287
0.7100000000000004,1.444133792958722
0.7200000000000004,1.479191910965386
0.7300000000000004,1.514808842885833
0.7400000000000004,1.550992279991162
0.7500000000000004,1.587750011706115
0.7600000000000005,1.62508992680513
0.7700000000000005,1.663020014622528
0.7800000000000005,1.701548366276989
0.7900000000000005,1.740683175910477
0.8000000000000005,1.780432741941797
0.8100000000000005,1.820805468334936
0.8200000000000005,1.861809865882369
0.8300000000000005,1.903454553503493
0.8400000000000005,1.945748259558382
0.8500000000000005,1.988699823177014
0.8600000000000005,2.032318195604168
0.8700000000000006,2.076612441560169
0.8800000000000006,2.121591740617651
0.8900000000000006,2.167265388594541
0.9000000000000006,2.213642798963435
0.9100000000000006,2.260733504277567
0.9200000000000006,2.30854715761355
0.9300000000000006,2.357093534031096
0.9400000000000006,2.406382532049896
0.9500000000000006,2.456424175143874
0.9600000000000006,2.507228613252995
0.9700000000000006,2.558806124312846
0.9800000000000006,2.611167115802192
0.9900000000000007,2.664322126308698
1.000000000000001,2.718281827113053
1.010000000000001,2.773057023791679
1.020000000000001,2.828658657838262
1.030000000000001,2.885097808304305
1.040000000000001,2.942385693458935
1.050000000000001,3.000533672468171
1.060000000000001,3.059553247093888
1.070000000000001,3.119456063412702
1.080000000000001,3.180253913554996
1.090000000000001,3.24195873746433
1.100000000000001,3.30458262467746
1.110000000000001,3.368137816125205
1.120000000000001,3.432636705954407
1.130000000000001,3.498091843371217
1.140000000000001,3.564515934505961
1.150000000000001,3.631921844299818
1.160000000000001,3.700322598413584
1.170000000000001,3.769731385158753
1.180000000000001,3.840161557451182
1.190000000000001,3.911626634787599
1.200000000000001,3.984140305245207
1.210000000000001,4.057716427504667
1.220000000000001,4.132369032896701
1.230000000000001,4.208112327472612
1.240000000000001,4.284960694098976
1.250000000000001,4.362928694576802
1.260000000000001,4.442031071785408
1.270000000000001,4.522282751851338
1.280000000000001,4.603698846342572
1.290000000000001,4.686294654488333
1.300000000000001,4.770085665424786
1.310000000000001,4.855087560466919
1.320000000000001,4.941316215406908
1.330000000000001,5.028787702839266
1.340000000000001,5.117518294513093
1.350000000000001,5.207524463711717
1.360000000000001,5.298822887660067
1.370000000000001,5.391430449960056
1.380000000000001,5.485364243054343
1.390000000000001,5.58064157071875
1.400000000000001,5.677279950583695
1.410000000000001,5.775297116684961
1.420000000000001,5.874711022044131
1.430000000000001,5.97553984127903
1.440000000000001,6.077801973244531
1.450000000000001,6.181516043704045
1.460000000000001,6.28670090803207
1.470000000000001,6.393375653948138
1.480000000000001,6.501559604282525
1.490000000000001,6.611272319774084
1.500000000000001,6.722533601900568
1.510000000000001,6.835363495741811
1.520000000000001,6.949782292876151
1.530000000000001,7.065810534310455
1.540000000000001,7.183469013444155
1.550000000000001,7.302778779067653
1.560000000000001,7.423761138395516
1.570000000000001,7.546437660134835
1.580000000000001,7.670830177589156
1.590000000000001,7.796960791798397
1.600000000000001,7.92485187471514
1.610000000000001,8.054526072417737
1.620000000000001,8.186006308360628
1.630000000000001,8.319315786662312
1.640000000000001,8.454477995431374
1.650000000000001,8.591516710131042
1.660000000000001,8.730455996982668
1.670000000000001,8.8713202164086
1.680000000000001,9.014134026514895
1.690000000000001,9.158922386614316
1.700000000000001,9.305710560790072
1.710000000000001,9.45452412150077
1.720000000000001,9.605388953227044
1.730000000000001,9.75833125616033
1.740000000000001,9.91337754993428
1.750000000000001,10.07055467739928
1.760000000000001,10.22988980844058
1.770000000000001,10.39141044384052
1.780000000000001,10.55514441918534
1.790000000000001,10.72111990881713
1.800000000000001,10.88936542983136
1.810000000000001,11.0599098461206
1.820000000000001,11.23278237246481
1.830000000000001,11.40801257866891
1.840000000000001,11.58563039374802
1.850000000000001,11.76566611016099
1.860000000000001,11.94815038809274
1.870000000000001,12.13311425978594
1.880000000000001,12.32058913392266
1.890000000000001,12.51060680005646
1.900000000000001,12.70319943309563
1.910000000000001,12.89839959783794
1.920000000000001,13.09624025355776
1.930000000000001,13.2967547586459
1.940000000000002,13.4999768753029
1.950000000000002,13.70594077428641
1.960000000000002,13.91468103971304
1.970000000000002,14.12623267391565
1.980000000000002,14.34063110235643
1.990000000000002,14.55791217859644
2.000000000000001,14.77811218932244
2.010000000000001,15.00126785943139
2.020000000000001,15.22741635717345
2.030000000000001,15.45659529935414
2.04,15.68884275659621
2.05,15.92419725866201
2.06,16.16269779983698
2.07,16.40438384437502
2.08,16.6492953320063
2.089999999999999,16.89747268350846
2.099999999999999,17.1489568063416
2.109999999999999,17.40378910034806
2.119999999999999,17.66201146351757
2.129999999999999,17.92366629781854
2.139999999999998,18.1887965150963
2.149999999999998,18.45744554303888
2.159999999999998,18.72965733121133
2.169999999999998,19.00547635715915
2.179999999999997,19.28494763258172
2.189999999999997,19.56811670957646
2.199999999999997,19.85502968695457
2.209999999999997,20.14573321662916
2.219999999999997,20.44027451007649
2.229999999999996,20.73870134487129
2.239999999999996,21.04106207129688
2.249999999999996,21.34740561903101
2.259999999999996,21.65778150390818
2.269999999999996,21.97223983475942
2.279999999999995,22.29083132033036
2.289999999999995,22.61360727627839
2.299999999999995,22.94061963224991
2.309999999999995,23.27192093903857
2.319999999999995,23.60756437582527
2.329999999999994,23.94760375750111
2.339999999999994,24.29209354207388
2.349999999999994,24.64108883815934
2.359999999999994,24.99464541255809
2.369999999999993,25.352819697919
2.379999999999993,25.7156688004902
2.389999999999993,26.08325050795863
2.399999999999993,26.45562329737913
2.409999999999993,26.83284634319407
2.419999999999992,27.21497952534451
2.429999999999992,27.60208343747407
2.439999999999992,27.99421939522627
2.449999999999992,28.39144944463676
2.459999999999992,28.79383637062109
2.469999999999991,29.20144370555956
2.479999999999991,29.61433573797974
2.489999999999991,30.03257752133824
2.499999999999991,30.45623488290246
2.50999999999999,30.88537443273369
2.51999999999999,31.3200635727726
2.52999999999999,31.76037050602823
2.53999999999999,32.2063642458718
2.54999999999999,32.65811462543632
2.559999999999989,33.1156923071233
2.569999999999989,33.57916879221784
2.579999999999989,34.04861643061309
2.589999999999989,34.52410843064552
2.599999999999989,35.00571886904217
2.609999999999988,35.49352270098112
2.619999999999988,35.98759577026644
2.629999999999988,36.48801481961899
2.639999999999988,36.99485750108426
2.649999999999987,37.50820238655864
2.659999999999987,38.0281289784354
2.669999999999987,38.55471772037183
2.679999999999987,39.08805000817866
2.689999999999987,39.62820820083344
2.699999999999986,40.17527563161908
2.709999999999986,40.72933661938892
2.719999999999986,41.2904764799599
2.729999999999986,41.85878153763517
2.739999999999986,42.4343391368576
2.749999999999985,43.01723765399565
2.759999999999985,43.60756650926315
2.769999999999985,44.20541617877439
2.779999999999985,44.81087820673611
2.789999999999984,45.42404521777789
2.799999999999984,46.04501092942253
2.809999999999984,46.67387016469791
2.819999999999984,47.31071886489202
2.829999999999984,47.95565410245268
2.839999999999983,48.60877409403355
2.849999999999983,49.27017821368823
2.859999999999983,49.93996700621391
2.869999999999983,50.61824220064629
2.879999999999983,51.30510672390766
2.889999999999982,52.00066471460948
2.899999999999982,52.7050215370116
2.909999999999982,53.41828379513956
2.919999999999982,54.14055934706187
2.929999999999982,54.87195731932909
2.939999999999981,55.61258812157644
2.949999999999981,56.36256346129181
2.959999999999981,57.12199635875098
2.969999999999981,57.89100116212205
2.97999999999998,58.66969356274075
2.98999999999998,59.45819061055874
2.99999999999998,60.25661072976676
3.00999999999998,61.06507373459454
3.01999999999998,61.88370084528955
3.029999999999979,62.71261470427641
3.039999999999979,63.55193939249926
3.049999999999979,64.40180044594884
3.059999999999979,65.26232487237647
3.069999999999979,66.13364116819714
3.079999999999978,67.01587933558356
3.089999999999978,67.90917089975353
3.099999999999978,68.81364892645267
3.109999999999978,69.7294480396347
3.119999999999977,70.65670443934158
3.129999999999977,71.59555591978554
3.139999999999977,72.54614188763549
3.149999999999977,73.50860338050984
3.159999999999977,74.48308308567835
3.169999999999976,75.46972535897491
3.179999999999976,76.46867624392414
3.189999999999976,77.48008349108362
3.199999999999976,78.50409657760464
3.209999999999976,79.54086672701364
3.219999999999975,80.5905469292168
3.229999999999975,81.65329196073051
3.239999999999975,82.72925840513987
3.249999999999975,83.81860467378806
3.259999999999974,84.92149102669903
3.269999999999974,86.03807959373616
3.279999999999974,87.16853439599942
3.289999999999974,88.31302136746376
3.299999999999974,89.47170837686156
3.309999999999973,90.64476524981144
3.319999999999973,91.83236379119674
3.329999999999973,93.03467780779594
3.339999999999973,94.25188313116816
3.349999999999973,95.48415764079638
3.359999999999972,96.73168128749145
3.369999999999972,97.99463611705953
3.379999999999972,99.27320629423612
3.389999999999972,100.5675781268896
3.399999999999971,101.8779400904972
3.409999999999971,103.2044828528964
3.419999999999971,104.547399299315
3.429999999999971,105.906884557683
3.439999999999971,107.2831360242288
3.44999999999997,108.676353389364
3.45999999999997,110.0867386638589
3.46999999999997,111.5144962053127
3.47999999999997,112.9598327449212
3.48999999999997,114.4229574145456
3.499999999999969,115.9040817740854
3.509999999999969,117.4034198391598
3.519999999999969,118.9211881090989
3.529999999999969,120.4576055952511
3.539999999999969,122.0128938496072
3.549999999999968,123.587276993747
3.559999999999968,125.180981748111
3.569999999999968,126.7942374616001
3.579999999999968,128.4272761415096
3.589999999999967,130.0803324837969
3.599999999999967,131.7536439036916
3.609999999999967,133.4474505666471
3.619999999999967,135.1619954196416
3.629999999999967,136.8975242228288
3.639999999999966,138.6542855815452
3.649999999999966,140.4325309786755
3.659999999999966,142.232514807382
3.669999999999966,144.054494404201
3.679999999999966,145.8987300825099
3.689999999999965,147.7654851663709
3.699999999999965,149.6550260247529
3.709999999999965,151.5676221061383
3.719999999999965,153.5035459735176
3.729999999999964,155.4630733397755
3.739999999999964,157.4464831034749
3.749999999999964,159.4540573850415
3.759999999999964,161.4860815633536
3.769999999999964,163.5428443127425
3.779999999999963,165.6246376404072
3.789999999999963,167.7317569242485
3.799999999999963,169.8645009511265
3.809999999999963,172.0231719555471
3.819999999999963,174.2080756587817
3.829999999999962,176.4195213084248
3.839999999999962,178.6578217183944
3.849999999999962,180.9232933093811
3.859999999999962,183.2162561497486
3.869999999999961,185.5370339968935
3.879999999999961,187.8859543390668
3.889999999999961,190.2633484376643
3.899999999999961,192.6695513699895
3.909999999999961,195.1049020724958
3.91999999999996,197.5697433845112
3.92999999999996,200.0644220924536
3.93999999999996,202.589288974539
3.94999999999996,205.1446988459913
3.95999999999996,207.7310106047565
3.969999999999959,210.3485872777284
3.979999999999959,212.9977960674908
3.989999999999959,215.6790083995829
3.999999999999959,218.3925999702921
4.009999999999959,221.1389507949815
4.019999999999959,223.9184452569572
4.029999999999959,226.7314721568817
4.039999999999958,229.578424762739
4.049999999999958,232.4597008603586
4.059999999999958,235.3757028045028
4.069999999999958,238.3268375705255
4.079999999999957,241.3135168066071
4.089999999999957,244.3361568865734
4.099999999999957,247.3951789633032
4.109999999999957,250.4910090227334
4.119999999999957,253.6240779384653
4.129999999999956,256.7948215269822
4.139999999999956,260.0036806034811
4.149999999999956,263.2511010383298
4.159999999999956,266.5375338141512
4.169999999999956,269.8634350835471
4.179999999999955,273.2292662274637
4.189999999999955,276.6354939142094
4.199999999999955,280.0825901591303
4.209999999999955,283.5710323849513
4.219999999999954,287.1013034827897
4.229999999999954,290.6738918738492
4.239999999999954,294.2892915718022
4.249999999999954,297.9480022458661
4.259999999999954,301.6505292845837
4.269999999999953,305.3973838603145
4.279999999999953,309.1890829944433
4.289999999999953,313.0261496233167
4.299999999999953,316.9091126649135
4.309999999999953,320.838507086258
4.319999999999952,324.8148739715838
4.329999999999952,328.8387605912569
4.339999999999952,332.9107204714667
4.349999999999952,337.0313134646922
4.359999999999951,341.2011058209537
4.369999999999951,345.4206702598565
4.379999999999951,349.6905860434376
4.389999999999951,354.0114390498224
4.399999999999951,358.3838218477019
4.40999999999995,362.8083337716376
4.41999999999995,367.2855809982055
4.42999999999995,371.8161766229858
4.43999999999995,376.4007407384105
4.44999999999995,381.0399005124758
4.459999999999949,385.7342902683307
4.469999999999949,390.4845515647497
4.479999999999949,395.2913332775018
4.489999999999949,400.1552916816225
4.499999999999948,405.077090534602
4.509999999999948,410.0574011604966
4.519999999999948,415.0969025349767
4.529999999999948,420.1962813713185
4.539999999999948,425.3562322073524
4.549999999999947,430.5774574933764
4.559999999999947,435.8606676810479
4.569999999999947,441.2065813132612
4.579999999999947,446.6159251150249
4.589999999999947,452.0894340853479
4.599999999999946,457.6278515901461
4.609999999999946,463.2319294561805
4.619999999999946,468.9024280660392
4.629999999999946,474.6401164541734
4.639999999999946,480.4457724039993
4.649999999999945,486.3201825460784
4.659999999999945,492.2641424573877
4.669999999999945,498.2784567616908
4.679999999999945,504.3639392310239
4.689999999999944,510.5214128883071
4.699999999999944,516.7517101110946
4.709999999999944,523.0556727364759
4.719999999999944,529.4341521671406
4.729999999999944,535.8880094786197
4.739999999999943,542.4181155277159
4.749999999999943,549.0253510621376
4.759999999999943,555.7106068313468
4.769999999999943,562.4747836986378
4.779999999999943,569.3187927544571
4.789999999999942,576.2435554309808
4.799999999999942,583.2500036179603
4.809999999999942,590.339079779854
4.819999999999942,597.5117370742558
4.829999999999941,604.7689394716361
4.839999999999941,612.1116618764099
4.849999999999941,619.540890249346
4.859999999999941,627.0576217313323
4.869999999999941,634.6628647685123
4.87999999999994,642.3576392388073
4.88999999999994,650.14297657984
4.89999999999994,658.0199199182747
4.90999999999994,665.9895242005897
4.91999999999994,674.0528563252977
4.929999999999939,682.21099527663
4.939999999999939,690.4650322597001
4.949999999999939,698.8160708371641
4.959999999999939,707.2652270673933
4.969999999999938,715.8136296441758
4.979999999999938,724.4624200379643
4.989999999999938,733.2127526386868
4.999999999999938,742.0657949001366
